{
 "cells": [
  {
   "cell_type": "code",
   "execution_count": 43,
   "metadata": {},
   "outputs": [],
   "source": [
    "import pandas as pd\n",
    "import numpy as np"
   ]
  },
  {
   "cell_type": "code",
   "execution_count": 44,
   "metadata": {},
   "outputs": [
    {
     "data": {
      "text/html": [
       "<div>\n",
       "<style scoped>\n",
       "    .dataframe tbody tr th:only-of-type {\n",
       "        vertical-align: middle;\n",
       "    }\n",
       "\n",
       "    .dataframe tbody tr th {\n",
       "        vertical-align: top;\n",
       "    }\n",
       "\n",
       "    .dataframe thead th {\n",
       "        text-align: right;\n",
       "    }\n",
       "</style>\n",
       "<table border=\"1\" class=\"dataframe\">\n",
       "  <thead>\n",
       "    <tr style=\"text-align: right;\">\n",
       "      <th></th>\n",
       "      <th>Geneid</th>\n",
       "      <th>C_1</th>\n",
       "      <th>C_2</th>\n",
       "      <th>C_3</th>\n",
       "      <th>T_1</th>\n",
       "      <th>T_2</th>\n",
       "      <th>T_3</th>\n",
       "    </tr>\n",
       "  </thead>\n",
       "  <tbody>\n",
       "    <tr>\n",
       "      <th>0</th>\n",
       "      <td>MYCTH_2312856</td>\n",
       "      <td>1144</td>\n",
       "      <td>1731</td>\n",
       "      <td>1482</td>\n",
       "      <td>4998</td>\n",
       "      <td>7312</td>\n",
       "      <td>6275</td>\n",
       "    </tr>\n",
       "    <tr>\n",
       "      <th>1</th>\n",
       "      <td>MYCTH_2312859</td>\n",
       "      <td>69</td>\n",
       "      <td>116</td>\n",
       "      <td>109</td>\n",
       "      <td>97</td>\n",
       "      <td>117</td>\n",
       "      <td>117</td>\n",
       "    </tr>\n",
       "    <tr>\n",
       "      <th>2</th>\n",
       "      <td>MYCTH_2312860</td>\n",
       "      <td>626</td>\n",
       "      <td>952</td>\n",
       "      <td>880</td>\n",
       "      <td>3741</td>\n",
       "      <td>5382</td>\n",
       "      <td>4093</td>\n",
       "    </tr>\n",
       "    <tr>\n",
       "      <th>3</th>\n",
       "      <td>MYCTH_2072388</td>\n",
       "      <td>2456</td>\n",
       "      <td>4240</td>\n",
       "      <td>4395</td>\n",
       "      <td>2129</td>\n",
       "      <td>2653</td>\n",
       "      <td>2171</td>\n",
       "    </tr>\n",
       "    <tr>\n",
       "      <th>4</th>\n",
       "      <td>MYCTH_2312863</td>\n",
       "      <td>1145</td>\n",
       "      <td>1742</td>\n",
       "      <td>1270</td>\n",
       "      <td>7328</td>\n",
       "      <td>10275</td>\n",
       "      <td>8065</td>\n",
       "    </tr>\n",
       "    <tr>\n",
       "      <th>...</th>\n",
       "      <td>...</td>\n",
       "      <td>...</td>\n",
       "      <td>...</td>\n",
       "      <td>...</td>\n",
       "      <td>...</td>\n",
       "      <td>...</td>\n",
       "      <td>...</td>\n",
       "    </tr>\n",
       "    <tr>\n",
       "      <th>95</th>\n",
       "      <td>MYCTH_2313031</td>\n",
       "      <td>163</td>\n",
       "      <td>271</td>\n",
       "      <td>236</td>\n",
       "      <td>26</td>\n",
       "      <td>67</td>\n",
       "      <td>64</td>\n",
       "    </tr>\n",
       "    <tr>\n",
       "      <th>96</th>\n",
       "      <td>MYCTH_2313032</td>\n",
       "      <td>2</td>\n",
       "      <td>2</td>\n",
       "      <td>3</td>\n",
       "      <td>17</td>\n",
       "      <td>6</td>\n",
       "      <td>8</td>\n",
       "    </tr>\n",
       "    <tr>\n",
       "      <th>97</th>\n",
       "      <td>MYCTH_2313034</td>\n",
       "      <td>12</td>\n",
       "      <td>23</td>\n",
       "      <td>27</td>\n",
       "      <td>6</td>\n",
       "      <td>2</td>\n",
       "      <td>6</td>\n",
       "    </tr>\n",
       "    <tr>\n",
       "      <th>98</th>\n",
       "      <td>MYCTH_96411</td>\n",
       "      <td>9</td>\n",
       "      <td>13</td>\n",
       "      <td>36</td>\n",
       "      <td>1</td>\n",
       "      <td>0</td>\n",
       "      <td>2</td>\n",
       "    </tr>\n",
       "    <tr>\n",
       "      <th>99</th>\n",
       "      <td>MYCTH_2313036</td>\n",
       "      <td>256</td>\n",
       "      <td>390</td>\n",
       "      <td>401</td>\n",
       "      <td>516</td>\n",
       "      <td>647</td>\n",
       "      <td>519</td>\n",
       "    </tr>\n",
       "  </tbody>\n",
       "</table>\n",
       "<p>100 rows × 7 columns</p>\n",
       "</div>"
      ],
      "text/plain": [
       "           Geneid   C_1   C_2   C_3   T_1    T_2   T_3\n",
       "0   MYCTH_2312856  1144  1731  1482  4998   7312  6275\n",
       "1   MYCTH_2312859    69   116   109    97    117   117\n",
       "2   MYCTH_2312860   626   952   880  3741   5382  4093\n",
       "3   MYCTH_2072388  2456  4240  4395  2129   2653  2171\n",
       "4   MYCTH_2312863  1145  1742  1270  7328  10275  8065\n",
       "..            ...   ...   ...   ...   ...    ...   ...\n",
       "95  MYCTH_2313031   163   271   236    26     67    64\n",
       "96  MYCTH_2313032     2     2     3    17      6     8\n",
       "97  MYCTH_2313034    12    23    27     6      2     6\n",
       "98    MYCTH_96411     9    13    36     1      0     2\n",
       "99  MYCTH_2313036   256   390   401   516    647   519\n",
       "\n",
       "[100 rows x 7 columns]"
      ]
     },
     "execution_count": 44,
     "metadata": {},
     "output_type": "execute_result"
    }
   ],
   "source": [
    "df_corr = pd.read_csv('./input_file/expression_matrix_corr.csv')\n",
    "df_corr.head()\n",
    "\n",
    "df_corr2 = pd.read_csv('./input_file/expression_matrix.csv')\n",
    "# df_corr2只保留前200行\n",
    "df_corr2 = df_corr2.iloc[:100, :]\n",
    "df_corr2"
   ]
  },
  {
   "cell_type": "code",
   "execution_count": 45,
   "metadata": {},
   "outputs": [
    {
     "data": {
      "application/vnd.plotly.v1+json": {
       "config": {
        "plotlyServerURL": "https://plot.ly"
       },
       "data": [
        {
         "coloraxis": "coloraxis",
         "hovertemplate": "x: %{x}<br>y: %{y}<br>color: %{z}<extra></extra>",
         "name": "0",
         "type": "heatmap",
         "x": [
          "M1",
          "M2",
          "M3",
          "M4",
          "M5",
          "M6",
          "M7",
          "M8",
          "M9",
          "M10"
         ],
         "xaxis": "x",
         "y": [
          "M1",
          "M2",
          "M3",
          "M4",
          "M5",
          "M6",
          "M7",
          "M8",
          "M9",
          "M10"
         ],
         "yaxis": "y",
         "z": [
          [
           1,
           0.4267775603799501,
           0.5605403788663941,
           0.777723881551883,
           0.7595453748907733,
           -0.4976362884144802,
           -0.7646461199800687,
           -0.7403333879936629,
           -0.8013157671740224,
           -0.5523946967116633
          ],
          [
           0.4267775603799501,
           1,
           0.6314468762674029,
           0.5950550407264472,
           0.692466044243941,
           -0.8411429840528514,
           -0.4550272690461115,
           -0.7710838406683929,
           -0.629507189200073,
           -0.6667954963213844
          ],
          [
           0.5605403788663941,
           0.6314468762674029,
           1,
           0.49591316826527565,
           0.5079520218688536,
           -0.5820915137637076,
           -0.41385260582036815,
           -0.569338449983625,
           -0.8831398968649038,
           -0.6586748175959812
          ],
          [
           0.777723881551883,
           0.5950550407264472,
           0.49591316826527565,
           1,
           0.8217969938633077,
           -0.8188710981457007,
           -0.8751496916103441,
           -0.7934369100632824,
           -0.579022234574564,
           -0.520581142136249
          ],
          [
           0.7595453748907733,
           0.692466044243941,
           0.5079520218688536,
           0.8217969938633077,
           1,
           -0.8513550848629828,
           -0.7404108733339949,
           -0.9116174462379912,
           -0.6911612580522852,
           -0.5014156856777885
          ],
          [
           -0.4976362884144802,
           -0.8411429840528514,
           -0.5820915137637076,
           -0.8188710981457007,
           -0.8513550848629828,
           1,
           0.6831690712305022,
           0.7911628605999806,
           0.5724240617839613,
           0.520331240048737
          ],
          [
           -0.7646461199800687,
           -0.4550272690461115,
           -0.41385260582036815,
           -0.8751496916103441,
           -0.7404108733339949,
           0.6831690712305022,
           1,
           0.5714743187358717,
           0.5413341721797992,
           0.24447933605395325
          ],
          [
           -0.7403333879936629,
           -0.7710838406683929,
           -0.569338449983625,
           -0.7934369100632824,
           -0.9116174462379912,
           0.7911628605999806,
           0.5714743187358717,
           1,
           0.7092465122037445,
           0.674301918017473
          ],
          [
           -0.8013157671740224,
           -0.629507189200073,
           -0.8831398968649038,
           -0.579022234574564,
           -0.6911612580522852,
           0.5724240617839613,
           0.5413341721797992,
           0.7092465122037445,
           1,
           0.6045882563705585
          ],
          [
           -0.5523946967116633,
           -0.6667954963213844,
           -0.6586748175959812,
           -0.520581142136249,
           -0.5014156856777885,
           0.520331240048737,
           0.24447933605395325,
           0.674301918017473,
           0.6045882563705585,
           1
          ]
         ]
        }
       ],
       "layout": {
        "coloraxis": {
         "cmax": 1,
         "cmin": -1,
         "colorscale": [
          [
           0,
           "rgb(5,48,97)"
          ],
          [
           0.1,
           "rgb(33,102,172)"
          ],
          [
           0.2,
           "rgb(67,147,195)"
          ],
          [
           0.3,
           "rgb(146,197,222)"
          ],
          [
           0.4,
           "rgb(209,229,240)"
          ],
          [
           0.5,
           "rgb(247,247,247)"
          ],
          [
           0.6,
           "rgb(253,219,199)"
          ],
          [
           0.7,
           "rgb(244,165,130)"
          ],
          [
           0.8,
           "rgb(214,96,77)"
          ],
          [
           0.9,
           "rgb(178,24,43)"
          ],
          [
           1,
           "rgb(103,0,31)"
          ]
         ]
        },
        "height": 600,
        "margin": {
         "t": 60
        },
        "template": {
         "data": {
          "bar": [
           {
            "error_x": {
             "color": "#2a3f5f"
            },
            "error_y": {
             "color": "#2a3f5f"
            },
            "marker": {
             "line": {
              "color": "#E5ECF6",
              "width": 0.5
             },
             "pattern": {
              "fillmode": "overlay",
              "size": 10,
              "solidity": 0.2
             }
            },
            "type": "bar"
           }
          ],
          "barpolar": [
           {
            "marker": {
             "line": {
              "color": "#E5ECF6",
              "width": 0.5
             },
             "pattern": {
              "fillmode": "overlay",
              "size": 10,
              "solidity": 0.2
             }
            },
            "type": "barpolar"
           }
          ],
          "carpet": [
           {
            "aaxis": {
             "endlinecolor": "#2a3f5f",
             "gridcolor": "white",
             "linecolor": "white",
             "minorgridcolor": "white",
             "startlinecolor": "#2a3f5f"
            },
            "baxis": {
             "endlinecolor": "#2a3f5f",
             "gridcolor": "white",
             "linecolor": "white",
             "minorgridcolor": "white",
             "startlinecolor": "#2a3f5f"
            },
            "type": "carpet"
           }
          ],
          "choropleth": [
           {
            "colorbar": {
             "outlinewidth": 0,
             "ticks": ""
            },
            "type": "choropleth"
           }
          ],
          "contour": [
           {
            "colorbar": {
             "outlinewidth": 0,
             "ticks": ""
            },
            "colorscale": [
             [
              0,
              "#0d0887"
             ],
             [
              0.1111111111111111,
              "#46039f"
             ],
             [
              0.2222222222222222,
              "#7201a8"
             ],
             [
              0.3333333333333333,
              "#9c179e"
             ],
             [
              0.4444444444444444,
              "#bd3786"
             ],
             [
              0.5555555555555556,
              "#d8576b"
             ],
             [
              0.6666666666666666,
              "#ed7953"
             ],
             [
              0.7777777777777778,
              "#fb9f3a"
             ],
             [
              0.8888888888888888,
              "#fdca26"
             ],
             [
              1,
              "#f0f921"
             ]
            ],
            "type": "contour"
           }
          ],
          "contourcarpet": [
           {
            "colorbar": {
             "outlinewidth": 0,
             "ticks": ""
            },
            "type": "contourcarpet"
           }
          ],
          "heatmap": [
           {
            "colorbar": {
             "outlinewidth": 0,
             "ticks": ""
            },
            "colorscale": [
             [
              0,
              "#0d0887"
             ],
             [
              0.1111111111111111,
              "#46039f"
             ],
             [
              0.2222222222222222,
              "#7201a8"
             ],
             [
              0.3333333333333333,
              "#9c179e"
             ],
             [
              0.4444444444444444,
              "#bd3786"
             ],
             [
              0.5555555555555556,
              "#d8576b"
             ],
             [
              0.6666666666666666,
              "#ed7953"
             ],
             [
              0.7777777777777778,
              "#fb9f3a"
             ],
             [
              0.8888888888888888,
              "#fdca26"
             ],
             [
              1,
              "#f0f921"
             ]
            ],
            "type": "heatmap"
           }
          ],
          "heatmapgl": [
           {
            "colorbar": {
             "outlinewidth": 0,
             "ticks": ""
            },
            "colorscale": [
             [
              0,
              "#0d0887"
             ],
             [
              0.1111111111111111,
              "#46039f"
             ],
             [
              0.2222222222222222,
              "#7201a8"
             ],
             [
              0.3333333333333333,
              "#9c179e"
             ],
             [
              0.4444444444444444,
              "#bd3786"
             ],
             [
              0.5555555555555556,
              "#d8576b"
             ],
             [
              0.6666666666666666,
              "#ed7953"
             ],
             [
              0.7777777777777778,
              "#fb9f3a"
             ],
             [
              0.8888888888888888,
              "#fdca26"
             ],
             [
              1,
              "#f0f921"
             ]
            ],
            "type": "heatmapgl"
           }
          ],
          "histogram": [
           {
            "marker": {
             "pattern": {
              "fillmode": "overlay",
              "size": 10,
              "solidity": 0.2
             }
            },
            "type": "histogram"
           }
          ],
          "histogram2d": [
           {
            "colorbar": {
             "outlinewidth": 0,
             "ticks": ""
            },
            "colorscale": [
             [
              0,
              "#0d0887"
             ],
             [
              0.1111111111111111,
              "#46039f"
             ],
             [
              0.2222222222222222,
              "#7201a8"
             ],
             [
              0.3333333333333333,
              "#9c179e"
             ],
             [
              0.4444444444444444,
              "#bd3786"
             ],
             [
              0.5555555555555556,
              "#d8576b"
             ],
             [
              0.6666666666666666,
              "#ed7953"
             ],
             [
              0.7777777777777778,
              "#fb9f3a"
             ],
             [
              0.8888888888888888,
              "#fdca26"
             ],
             [
              1,
              "#f0f921"
             ]
            ],
            "type": "histogram2d"
           }
          ],
          "histogram2dcontour": [
           {
            "colorbar": {
             "outlinewidth": 0,
             "ticks": ""
            },
            "colorscale": [
             [
              0,
              "#0d0887"
             ],
             [
              0.1111111111111111,
              "#46039f"
             ],
             [
              0.2222222222222222,
              "#7201a8"
             ],
             [
              0.3333333333333333,
              "#9c179e"
             ],
             [
              0.4444444444444444,
              "#bd3786"
             ],
             [
              0.5555555555555556,
              "#d8576b"
             ],
             [
              0.6666666666666666,
              "#ed7953"
             ],
             [
              0.7777777777777778,
              "#fb9f3a"
             ],
             [
              0.8888888888888888,
              "#fdca26"
             ],
             [
              1,
              "#f0f921"
             ]
            ],
            "type": "histogram2dcontour"
           }
          ],
          "mesh3d": [
           {
            "colorbar": {
             "outlinewidth": 0,
             "ticks": ""
            },
            "type": "mesh3d"
           }
          ],
          "parcoords": [
           {
            "line": {
             "colorbar": {
              "outlinewidth": 0,
              "ticks": ""
             }
            },
            "type": "parcoords"
           }
          ],
          "pie": [
           {
            "automargin": true,
            "type": "pie"
           }
          ],
          "scatter": [
           {
            "fillpattern": {
             "fillmode": "overlay",
             "size": 10,
             "solidity": 0.2
            },
            "type": "scatter"
           }
          ],
          "scatter3d": [
           {
            "line": {
             "colorbar": {
              "outlinewidth": 0,
              "ticks": ""
             }
            },
            "marker": {
             "colorbar": {
              "outlinewidth": 0,
              "ticks": ""
             }
            },
            "type": "scatter3d"
           }
          ],
          "scattercarpet": [
           {
            "marker": {
             "colorbar": {
              "outlinewidth": 0,
              "ticks": ""
             }
            },
            "type": "scattercarpet"
           }
          ],
          "scattergeo": [
           {
            "marker": {
             "colorbar": {
              "outlinewidth": 0,
              "ticks": ""
             }
            },
            "type": "scattergeo"
           }
          ],
          "scattergl": [
           {
            "marker": {
             "colorbar": {
              "outlinewidth": 0,
              "ticks": ""
             }
            },
            "type": "scattergl"
           }
          ],
          "scattermapbox": [
           {
            "marker": {
             "colorbar": {
              "outlinewidth": 0,
              "ticks": ""
             }
            },
            "type": "scattermapbox"
           }
          ],
          "scatterpolar": [
           {
            "marker": {
             "colorbar": {
              "outlinewidth": 0,
              "ticks": ""
             }
            },
            "type": "scatterpolar"
           }
          ],
          "scatterpolargl": [
           {
            "marker": {
             "colorbar": {
              "outlinewidth": 0,
              "ticks": ""
             }
            },
            "type": "scatterpolargl"
           }
          ],
          "scatterternary": [
           {
            "marker": {
             "colorbar": {
              "outlinewidth": 0,
              "ticks": ""
             }
            },
            "type": "scatterternary"
           }
          ],
          "surface": [
           {
            "colorbar": {
             "outlinewidth": 0,
             "ticks": ""
            },
            "colorscale": [
             [
              0,
              "#0d0887"
             ],
             [
              0.1111111111111111,
              "#46039f"
             ],
             [
              0.2222222222222222,
              "#7201a8"
             ],
             [
              0.3333333333333333,
              "#9c179e"
             ],
             [
              0.4444444444444444,
              "#bd3786"
             ],
             [
              0.5555555555555556,
              "#d8576b"
             ],
             [
              0.6666666666666666,
              "#ed7953"
             ],
             [
              0.7777777777777778,
              "#fb9f3a"
             ],
             [
              0.8888888888888888,
              "#fdca26"
             ],
             [
              1,
              "#f0f921"
             ]
            ],
            "type": "surface"
           }
          ],
          "table": [
           {
            "cells": {
             "fill": {
              "color": "#EBF0F8"
             },
             "line": {
              "color": "white"
             }
            },
            "header": {
             "fill": {
              "color": "#C8D4E3"
             },
             "line": {
              "color": "white"
             }
            },
            "type": "table"
           }
          ]
         },
         "layout": {
          "annotationdefaults": {
           "arrowcolor": "#2a3f5f",
           "arrowhead": 0,
           "arrowwidth": 1
          },
          "autotypenumbers": "strict",
          "coloraxis": {
           "colorbar": {
            "outlinewidth": 0,
            "ticks": ""
           }
          },
          "colorscale": {
           "diverging": [
            [
             0,
             "#8e0152"
            ],
            [
             0.1,
             "#c51b7d"
            ],
            [
             0.2,
             "#de77ae"
            ],
            [
             0.3,
             "#f1b6da"
            ],
            [
             0.4,
             "#fde0ef"
            ],
            [
             0.5,
             "#f7f7f7"
            ],
            [
             0.6,
             "#e6f5d0"
            ],
            [
             0.7,
             "#b8e186"
            ],
            [
             0.8,
             "#7fbc41"
            ],
            [
             0.9,
             "#4d9221"
            ],
            [
             1,
             "#276419"
            ]
           ],
           "sequential": [
            [
             0,
             "#0d0887"
            ],
            [
             0.1111111111111111,
             "#46039f"
            ],
            [
             0.2222222222222222,
             "#7201a8"
            ],
            [
             0.3333333333333333,
             "#9c179e"
            ],
            [
             0.4444444444444444,
             "#bd3786"
            ],
            [
             0.5555555555555556,
             "#d8576b"
            ],
            [
             0.6666666666666666,
             "#ed7953"
            ],
            [
             0.7777777777777778,
             "#fb9f3a"
            ],
            [
             0.8888888888888888,
             "#fdca26"
            ],
            [
             1,
             "#f0f921"
            ]
           ],
           "sequentialminus": [
            [
             0,
             "#0d0887"
            ],
            [
             0.1111111111111111,
             "#46039f"
            ],
            [
             0.2222222222222222,
             "#7201a8"
            ],
            [
             0.3333333333333333,
             "#9c179e"
            ],
            [
             0.4444444444444444,
             "#bd3786"
            ],
            [
             0.5555555555555556,
             "#d8576b"
            ],
            [
             0.6666666666666666,
             "#ed7953"
            ],
            [
             0.7777777777777778,
             "#fb9f3a"
            ],
            [
             0.8888888888888888,
             "#fdca26"
            ],
            [
             1,
             "#f0f921"
            ]
           ]
          },
          "colorway": [
           "#636efa",
           "#EF553B",
           "#00cc96",
           "#ab63fa",
           "#FFA15A",
           "#19d3f3",
           "#FF6692",
           "#B6E880",
           "#FF97FF",
           "#FECB52"
          ],
          "font": {
           "color": "#2a3f5f"
          },
          "geo": {
           "bgcolor": "white",
           "lakecolor": "white",
           "landcolor": "#E5ECF6",
           "showlakes": true,
           "showland": true,
           "subunitcolor": "white"
          },
          "hoverlabel": {
           "align": "left"
          },
          "hovermode": "closest",
          "mapbox": {
           "style": "light"
          },
          "paper_bgcolor": "white",
          "plot_bgcolor": "#E5ECF6",
          "polar": {
           "angularaxis": {
            "gridcolor": "white",
            "linecolor": "white",
            "ticks": ""
           },
           "bgcolor": "#E5ECF6",
           "radialaxis": {
            "gridcolor": "white",
            "linecolor": "white",
            "ticks": ""
           }
          },
          "scene": {
           "xaxis": {
            "backgroundcolor": "#E5ECF6",
            "gridcolor": "white",
            "gridwidth": 2,
            "linecolor": "white",
            "showbackground": true,
            "ticks": "",
            "zerolinecolor": "white"
           },
           "yaxis": {
            "backgroundcolor": "#E5ECF6",
            "gridcolor": "white",
            "gridwidth": 2,
            "linecolor": "white",
            "showbackground": true,
            "ticks": "",
            "zerolinecolor": "white"
           },
           "zaxis": {
            "backgroundcolor": "#E5ECF6",
            "gridcolor": "white",
            "gridwidth": 2,
            "linecolor": "white",
            "showbackground": true,
            "ticks": "",
            "zerolinecolor": "white"
           }
          },
          "shapedefaults": {
           "line": {
            "color": "#2a3f5f"
           }
          },
          "ternary": {
           "aaxis": {
            "gridcolor": "white",
            "linecolor": "white",
            "ticks": ""
           },
           "baxis": {
            "gridcolor": "white",
            "linecolor": "white",
            "ticks": ""
           },
           "bgcolor": "#E5ECF6",
           "caxis": {
            "gridcolor": "white",
            "linecolor": "white",
            "ticks": ""
           }
          },
          "title": {
           "x": 0.05
          },
          "xaxis": {
           "automargin": true,
           "gridcolor": "white",
           "linecolor": "white",
           "ticks": "",
           "title": {
            "standoff": 15
           },
           "zerolinecolor": "white",
           "zerolinewidth": 2
          },
          "yaxis": {
           "automargin": true,
           "gridcolor": "white",
           "linecolor": "white",
           "ticks": "",
           "title": {
            "standoff": 15
           },
           "zerolinecolor": "white",
           "zerolinewidth": 2
          }
         }
        },
        "width": 900,
        "xaxis": {
         "anchor": "y",
         "constrain": "domain",
         "domain": [
          0,
          1
         ],
         "scaleanchor": "y"
        },
        "yaxis": {
         "anchor": "x",
         "autorange": "reversed",
         "constrain": "domain",
         "domain": [
          0,
          1
         ]
        }
       }
      }
     },
     "metadata": {},
     "output_type": "display_data"
    }
   ],
   "source": [
    "import plotly.express as px\n",
    "import plotly.io as pio\n",
    "\n",
    "def plot_corr_sample(df_corr, width=900, height=600, color='RdBu_r'):\n",
    "    \"\"\"根据输入的表达矩阵，绘制样本之间的相关性热图\n",
    "\n",
    "    Args:\n",
    "        df_corr: 表达矩阵，行为基因，列为样本\n",
    "        color: 颜色方案\n",
    "\n",
    "    Returns:\n",
    "    \"\"\"\n",
    "    # 去掉第一列的样本名\n",
    "    df_corr = df_corr.iloc[:, 1:]\n",
    "    df_corr = df_corr.round(6)\n",
    "    \n",
    "    # 计算样本之间的相关性\n",
    "    correlation_matrix = df_corr.corr()\n",
    "\n",
    "    # 绘制相关性矩阵的热图\n",
    "    fig = px.imshow(correlation_matrix,\n",
    "                    color_continuous_scale=color,\n",
    "                    zmin=-1,  # 设置颜色比例尺的最小值\n",
    "                    zmax=1)  # 设置颜色比例尺的最大值\n",
    "\n",
    "    # 设置输出图的大小\n",
    "    fig.update_layout(width=width, height=height)\n",
    "\n",
    "    # 方案1:将fig对象转为json\n",
    "    # fig_json = pio.to_json(fig)\n",
    "    # return fig_json\n",
    "\n",
    "    # 方案2:将fig转为html格式，返回html代码\n",
    "    # fig_html = pio(fig, output_type='div', include_plotlyjs=False)        \n",
    "    # return fig_html\n",
    "\n",
    "    # 方案3:将fig转为html格式，保存为html文件\n",
    "    # fig.write_html(\"corr_sample.html\")\n",
    "    # return \"corr_sample.html\"\n",
    "\n",
    "    # 测试用\n",
    "    return fig\n",
    "\n",
    "# 示例调用\n",
    "plot_corr_sample(df_corr,\n",
    "          width=900,\n",
    "          height=600,\n",
    "          color='RdBu_r'\n",
    "          )"
   ]
  },
  {
   "cell_type": "code",
   "execution_count": 64,
   "metadata": {},
   "outputs": [
    {
     "data": {
      "application/vnd.plotly.v1+json": {
       "config": {
        "plotlyServerURL": "https://plot.ly"
       },
       "data": [
        {
         "coloraxis": "coloraxis",
         "hovertemplate": "x: %{x}<br>y: %{y}<br>color: %{z}<extra></extra>",
         "name": "0",
         "type": "heatmap",
         "x": [
          "Gene1",
          "Gene2",
          "Gene3",
          "Gene4",
          "Gene5",
          "Gene6",
          "Gene7",
          "Gene8",
          "Gene9",
          "Gene10",
          "Gene11",
          "Gene12",
          "Gene13",
          "Gene14",
          "Gene15"
         ],
         "xaxis": "x",
         "y": [
          "Gene1",
          "Gene2",
          "Gene3",
          "Gene4",
          "Gene5",
          "Gene6",
          "Gene7",
          "Gene8",
          "Gene9",
          "Gene10",
          "Gene11",
          "Gene12",
          "Gene13",
          "Gene14",
          "Gene15"
         ],
         "yaxis": "y",
         "z": [
          [
           1,
           0.9142096966109208,
           0.929101390244055,
           0.9361451585757999,
           -0.5918741218633479,
           -0.9077203561377996,
           0.8876668728613921,
           0.9493185952595472,
           -0.6030521706030767,
           -0.0205625527920744,
           -0.4950885431280959,
           0.859101468200928,
           0.5059664728942602,
           -0.7035575451897645,
           -0.6797438285587885
          ],
          [
           0.9142096966109208,
           1,
           0.8518735768695512,
           0.9074463303171826,
           -0.5433206091749136,
           -0.8619441264013072,
           0.7624772624614113,
           0.8988237401028658,
           -0.656409037944395,
           -0.1964953847127854,
           -0.4465157300704866,
           0.8982071879161121,
           0.64807747946039,
           -0.734047689283393,
           -0.7704837741020586
          ],
          [
           0.929101390244055,
           0.8518735768695512,
           1,
           0.9556722984370556,
           -0.4400181558180321,
           -0.7909667244115948,
           0.8539118121915054,
           0.8404822243785249,
           -0.6941313505771052,
           0.1534099704241213,
           -0.35777614520697215,
           0.8582843191322996,
           0.361302777587968,
           -0.671303471233686,
           -0.71126454416941
          ],
          [
           0.9361451585757999,
           0.9074463303171826,
           0.9556722984370556,
           1,
           -0.35842366232948997,
           -0.7617244055364857,
           0.8115120335542478,
           0.8522012381280657,
           -0.6320172508322853,
           0.07383362234871389,
           -0.2722327884380684,
           0.8658292423784096,
           0.3393123524111048,
           -0.6118437993519162,
           -0.6825333102131224
          ],
          [
           -0.5918741218633479,
           -0.5433206091749136,
           -0.4400181558180321,
           -0.35842366232948997,
           1,
           0.825787983328044,
           -0.6602854495093761,
           -0.7228709877378583,
           0.5408439902058851,
           0.22218831021630917,
           0.9016451768827966,
           -0.6623065784621894,
           -0.6675259484130658,
           0.774517652571353,
           0.625826778706407
          ],
          [
           -0.9077203561377996,
           -0.8619441264013072,
           -0.7909667244115948,
           -0.7617244055364857,
           0.825787983328044,
           1,
           -0.9068388758090772,
           -0.9614327486977426,
           0.7085911385610356,
           0.19102761599273488,
           0.7132968850683945,
           -0.8716182508205641,
           -0.6111180027598782,
           0.8543305312130047,
           0.7907997357029966
          ],
          [
           0.8876668728613921,
           0.7624772624614113,
           0.8539118121915054,
           0.8115120335542478,
           -0.6602854495093761,
           -0.9068388758090772,
           1,
           0.9424605662701903,
           -0.7850750851764453,
           -0.1273309192848539,
           -0.508301411958826,
           0.8763904763037129,
           0.3111653067523121,
           -0.7084713005339044,
           -0.8074514593205421
          ],
          [
           0.9493185952595472,
           0.8988237401028658,
           0.8404822243785249,
           0.8522012381280657,
           -0.7228709877378583,
           -0.9614327486977426,
           0.9424605662701903,
           1,
           -0.7056138840585473,
           -0.2484074850554549,
           -0.5852086028262671,
           0.9161330045088802,
           0.5421692447286097,
           -0.7511862495664544,
           -0.7962182630232595
          ],
          [
           -0.6030521706030767,
           -0.656409037944395,
           -0.6941313505771052,
           -0.6320172508322853,
           0.5408439902058851,
           0.7085911385610356,
           -0.7850750851764453,
           -0.7056138840585473,
           1,
           0.08496960397915006,
           0.2907906264003462,
           -0.8141445021935779,
           -0.3413803915672392,
           0.7633800190711966,
           0.9746102770543006
          ],
          [
           -0.0205625527920744,
           -0.1964953847127854,
           0.1534099704241213,
           0.07383362234871389,
           0.22218831021630917,
           0.19102761599273488,
           -0.1273309192848539,
           -0.2484074850554549,
           0.08496960397915006,
           1,
           0.17780363763154988,
           -0.18210211775748175,
           -0.3311745038247913,
           -0.07678192600354301,
           0.22892452128906787
          ],
          [
           -0.4950885431280959,
           -0.4465157300704866,
           -0.35777614520697215,
           -0.2722327884380684,
           0.9016451768827966,
           0.7132968850683945,
           -0.508301411958826,
           -0.5852086028262671,
           0.2907906264003462,
           0.17780363763154988,
           1,
           -0.5604215870458423,
           -0.5413506088527625,
           0.6710579761472086,
           0.38400299894755247
          ],
          [
           0.859101468200928,
           0.8982071879161121,
           0.8582843191322996,
           0.8658292423784096,
           -0.6623065784621894,
           -0.8716182508205641,
           0.8763904763037129,
           0.9161330045088802,
           -0.8141445021935779,
           -0.18210211775748175,
           -0.5604215870458423,
           1,
           0.47911663828660395,
           -0.7858409766274249,
           -0.882885428369722
          ],
          [
           0.5059664728942602,
           0.64807747946039,
           0.361302777587968,
           0.3393123524111048,
           -0.6675259484130658,
           -0.6111180027598782,
           0.3111653067523121,
           0.5421692447286097,
           -0.3413803915672392,
           -0.3311745038247913,
           -0.5413506088527625,
           0.47911663828660395,
           1,
           -0.5855459316790258,
           -0.4945028356118581
          ],
          [
           -0.7035575451897645,
           -0.734047689283393,
           -0.671303471233686,
           -0.6118437993519162,
           0.774517652571353,
           0.8543305312130047,
           -0.7084713005339044,
           -0.7511862495664544,
           0.7633800190711966,
           -0.07678192600354301,
           0.6710579761472086,
           -0.7858409766274249,
           -0.5855459316790258,
           1,
           0.7945886264553561
          ],
          [
           -0.6797438285587885,
           -0.7704837741020586,
           -0.71126454416941,
           -0.6825333102131224,
           0.625826778706407,
           0.7907997357029966,
           -0.8074514593205421,
           -0.7962182630232595,
           0.9746102770543006,
           0.22892452128906787,
           0.38400299894755247,
           -0.882885428369722,
           -0.4945028356118581,
           0.7945886264553561,
           1
          ]
         ]
        }
       ],
       "layout": {
        "coloraxis": {
         "cmax": 1,
         "cmin": -1,
         "colorscale": [
          [
           0,
           "rgb(5,48,97)"
          ],
          [
           0.1,
           "rgb(33,102,172)"
          ],
          [
           0.2,
           "rgb(67,147,195)"
          ],
          [
           0.3,
           "rgb(146,197,222)"
          ],
          [
           0.4,
           "rgb(209,229,240)"
          ],
          [
           0.5,
           "rgb(247,247,247)"
          ],
          [
           0.6,
           "rgb(253,219,199)"
          ],
          [
           0.7,
           "rgb(244,165,130)"
          ],
          [
           0.8,
           "rgb(214,96,77)"
