{
 "cells": [
  {
   "cell_type": "code",
   "execution_count": 1,
   "metadata": {},
   "outputs": [
    {
     "data": {
      "application/vnd.plotly.v1+json": {
       "config": {
        "plotlyServerURL": "https://plot.ly"
       },
       "data": [
        {
         "coloraxis": "coloraxis",
         "hovertemplate": "Sample: %{x}<br>Gene ID: %{y}<br>FPKM: %{z:.3f}",
         "name": "0",
         "type": "heatmap",
         "x": [
          "Mt1",
          "Mt2",
          "Mt3",
          "Mt4",
          "Mt5",
          "Mt6",
          "Mt7",
          "Mt8",
          "Mt9",
          "Mt10",
          "Mt11",
          "Mt12",
          "Mt13",
          "Mt14",
          "Mt15",
          "Mt16",
          "Mt17",
          "Mt18",
          "Mt19",
          "Mt20"
         ],
         "xaxis": "x",
         "y": [
          "sample1",
          "sample2",
          "sample3",
          "sample4",
          "sample5",
          "sample6",
          "sample7",
          "sample8"
         ],
         "yaxis": "y",
         "z": [
          [
           0.025746050321826086,
           -1.8552759898576165,
           2,
           0.759508484493856,
           0.47435147259606003,
           -1.7339574800078017,
           -1.7238150965476886,
           -2,
           -1.9243222157206943,
           -1.6017164033547884,
           -1.829529939535791,
           -1.4012092841817827,
           -0.8503998439633311,
           -0.17437097717963712,
           -0.5937195240881608,
           -0.7013848254339767,
           0.43222157206943645,
           0.7103569338794613,
           -0.42480983031012287,
           -0.5699239321240492
          ],
          [
           0.11183941007783682,
           -1.6272019664072102,
           2,
           1.7496927488734122,
           0.8402294141745186,
           -1.664481769766489,
           -1.5526423596886523,
           -1.9086439983613273,
           -2,
           -1.505120852109791,
           -1.5931995083981976,
           -1.3293732077017617,
           -0.8885702580909463,
           -0.12617779598525192,
           0.12371978697255237,
           1.0843916427693565,
           0.21958213846784114,
           0.32486685784514524,
           0.9766489143793526,
           -0.7021712412945516
          ],
          [
           -0.38637382339757975,
           -1.8683998207082027,
           2,
           -0.5050649932765578,
           0.5968623935454951,
           -1.8400717167189602,
           -1.6790676826535187,
           -2,
           -1.7518601523980277,
           -1.9347377857463022,
           -1.8963693411026445,
           -1.771223666517257,
           -0.5179740026893773,
           -0.7212909009412822,
           -0.08695652173913082,
           -0.2913491707754374,
           -0.509726580008965,
           -0.09161810847153773,
           0.5714029583146569,
           -0.6528014343343795
          ],
          [
           -1.02600807880377,
           -1.8582666005244135,
           2,
           -1.1345758628020692,
           0.04039401885054206,
           -1.734391609382751,
           -1.8273687194387358,
           -1.9807242576713202,
           -2,
           -1.7173836014456807,
           -1.9807242576713202,
           -1.8559988661328042,
           -0.3156402806321308,
           -0.781659698107859,
           -0.1512295372404504,
           -0.040110552051590975,
           -0.634256962653249,
           -0.40209765431223854,
           -0.15293033803415756,
           -1.0090000708666995
          ],
          [
           -0.28336540143431854,
           -1.6627601889102674,
           2,
           0.4743746720307853,
           0.3242959594192758,
           -1.583347909742872,
           -1.690397061395837,
           -1.756865488892776,
           -2,
           -1.7320272870386566,
           -1.6966940703165996,
           -1.5767010669931782,
           -0.7430470526499913,
           -0.2480321847122613,
           -0.5380444288962742,
           -0.3340913066293507,
           -0.6363477348259574,
           1.0110197656113344,
           -1.2391114220745145,
           -1.4483120517754067
          ],
          [
           -0.5162106902930583,
           -1.6783175932236394,
           2,
           0.013825333463148404,
           0.31136208743062976,
           -1.776847434524389,
           -1.8196864959594976,
           -1.914321877129783,
           -1.9711809950345633,
           -2,
           -1.841106026677052,
           -1.836822120533541,
           -0.5851426346022786,
           -0.13143802940317428,
           -0.32810826599162723,
           -0.5259468406192194,
           -0.559049751728167,
           1.139324311167364,
           -1.1373770811021324,
           -1.5131924836919481
          ],
          [
           -1.3870093127431333,
           -1.1017328775197455,
           2,
           -0.47129553224095244,
           -0.3628433337262762,
           -1.5619474242602853,
           -1.765648944948721,
           -1.260167393610751,
           -1.867028173995049,
           -2,
           -1.9839679358717435,
           -1.4879170104915715,
           0.747612872804432,
           -1.9717081221266062,
           -0.29305670163857145,
           -0.1765884710597665,
           -0.5764470116703997,
           1.8825887068254157,
           -0.4038665566426971,
           -1.0890015324767182
          ],
          [
           -1.5714045980869273,
           -0.8504782681657996,
           0.9055210605806345,
           -1.3133076019466352,
           -0.730995133411646,
           -1.6187279744923644,
           -1.818425910387649,
           -1.5938915925490853,
           -1.8875650276892095,
           -2,
           -1.8348716227554958,
           -1.6321530458130558,
           -0.5108239637523073,
           -1.8993119650948145,
           -0.7806678972982044,
           -1.8201040443027354,
           -1.2344353079375732,
           2,
           -0.8696089947977848,
           -0.7514683671757003
          ]
         ]
        }
       ],
       "layout": {
        "coloraxis": {
         "colorbar": {
          "title": {
           "text": "FPKM"
          }
         },
         "colorscale": [
          [
           0,
           "rgb(0, 147, 146)"
          ],
          [
           0.16666666666666666,
           "rgb(114, 170, 161)"
          ],
          [
           0.3333333333333333,
           "rgb(177, 199, 179)"
          ],
          [
           0.5,
           "rgb(241, 234, 200)"
          ],
          [
           0.6666666666666666,
           "rgb(229, 185, 173)"
          ],
          [
           0.8333333333333334,
           "rgb(217, 137, 148)"
          ],
          [
           1,
           "rgb(208, 88, 126)"
          ]
         ]
        },
        "margin": {
         "t": 60
        },
        "template": {
         "data": {
          "bar": [
           {
            "error_x": {
             "color": "#2a3f5f"
            },
            "error_y": {
             "color": "#2a3f5f"
            },
            "marker": {
             "line": {
              "color": "#E5ECF6",
              "width": 0.5
             },
             "pattern": {
              "fillmode": "overlay",
              "size": 10,
              "solidity": 0.2
             }
            },
            "type": "bar"
           }
          ],
          "barpolar": [
           {
            "marker": {
             "line": {
              "color": "#E5ECF6",
              "width": 0.5
             },
             "pattern": {
              "fillmode": "overlay",
              "size": 10,
              "solidity": 0.2
             }
            },
            "type": "barpolar"
           }
          ],
          "carpet": [
           {
            "aaxis": {
             "endlinecolor": "#2a3f5f",
             "gridcolor": "white",
             "linecolor": "white",
             "minorgridcolor": "white",
             "startlinecolor": "#2a3f5f"
            },
            "baxis": {
             "endlinecolor": "#2a3f5f",
             "gridcolor": "white",
             "linecolor": "white",
             "minorgridcolor": "white",
             "startlinecolor": "#2a3f5f"
            },
            "type": "carpet"
           }
          ],
          "choropleth": [
           {
            "colorbar": {
             "outlinewidth": 0,
             "ticks": ""
            },
            "type": "choropleth"
           }
          ],
          "contour": [
           {
            "colorbar": {
             "outlinewidth": 0,
             "ticks": ""
            },
            "colorscale": [
             [
              0,
              "#0d0887"
             ],
             [
              0.1111111111111111,
              "#46039f"
             ],
             [
              0.2222222222222222,
              "#7201a8"
             ],
             [
              0.3333333333333333,
              "#9c179e"
             ],
             [
              0.4444444444444444,
              "#bd3786"
             ],
             [
              0.5555555555555556,
              "#d8576b"
             ],
             [
              0.6666666666666666,
              "#ed7953"
             ],
             [
              0.7777777777777778,
              "#fb9f3a"
             ],
             [
              0.8888888888888888,
              "#fdca26"
             ],
             [
              1,
              "#f0f921"
             ]
            ],
            "type": "contour"
           }
          ],
          "contourcarpet": [
           {
            "colorbar": {
             "outlinewidth": 0,
             "ticks": ""
            },
            "type": "contourcarpet"
           }
          ],
          "heatmap": [
           {
            "colorbar": {
             "outlinewidth": 0,
             "ticks": ""
            },
            "colorscale": [
             [
              0,
              "#0d0887"
             ],
             [
              0.1111111111111111,
              "#46039f"
             ],
             [
              0.2222222222222222,
              "#7201a8"
             ],
             [
              0.3333333333333333,
              "#9c179e"
             ],
             [
              0.4444444444444444,
              "#bd3786"
             ],
             [
              0.5555555555555556,
              "#d8576b"
             ],
             [
              0.6666666666666666,
              "#ed7953"
             ],
             [
              0.7777777777777778,
              "#fb9f3a"
             ],
             [
              0.8888888888888888,
              "#fdca26"
             ],
             [
              1,
              "#f0f921"
             ]
            ],
            "type": "heatmap"
           }
          ],
          "heatmapgl": [
           {
            "colorbar": {
             "outlinewidth": 0,
             "ticks": ""
            },
            "colorscale": [
             [
              0,
              "#0d0887"
             ],
             [
              0.1111111111111111,
              "#46039f"
             ],
             [
              0.2222222222222222,
              "#7201a8"
             ],
             [
              0.3333333333333333,
              "#9c179e"
             ],
             [
              0.4444444444444444,
              "#bd3786"
             ],
             [
              0.5555555555555556,
              "#d8576b"
             ],
             [
              0.6666666666666666,
              "#ed7953"
             ],
             [
              0.7777777777777778,
              "#fb9f3a"
             ],
             [
              0.8888888888888888,
              "#fdca26"
             ],
             [
              1,
              "#f0f921"
             ]
            ],
            "type": "heatmapgl"
           }
          ],
          "histogram": [
           {
            "marker": {
             "pattern": {
              "fillmode": "overlay",
              "size": 10,
              "solidity": 0.2
             }
            },
            "type": "histogram"
           }
          ],
          "histogram2d": [
           {
            "colorbar": {
             "outlinewidth": 0,
             "ticks": ""
            },
            "colorscale": [
             [
              0,
              "#0d0887"
             ],
             [
              0.1111111111111111,
              "#46039f"
             ],
             [
              0.2222222222222222,
              "#7201a8"
             ],
             [
              0.3333333333333333,
              "#9c179e"
             ],
             [
              0.4444444444444444,
              "#bd3786"
             ],
             [
              0.5555555555555556,
              "#d8576b"
             ],
             [
              0.6666666666666666,
              "#ed7953"
             ],
             [
              0.7777777777777778,
              "#fb9f3a"
             ],
             [
              0.8888888888888888,
              "#fdca26"
             ],
             [
              1,
              "#f0f921"
             ]
            ],
            "type": "histogram2d"
           }
          ],
          "histogram2dcontour": [
           {
            "colorbar": {
             "outlinewidth": 0,
             "ticks": ""
            },
            "colorscale": [
             [
              0,
              "#0d0887"
             ],
             [
              0.1111111111111111,
              "#46039f"
             ],
             [
              0.2222222222222222,
              "#7201a8"
             ],
             [
              0.3333333333333333,
              "#9c179e"
             ],
             [
              0.4444444444444444,
              "#bd3786"
             ],
             [
              0.5555555555555556,
              "#d8576b"
             ],
             [
              0.6666666666666666,
              "#ed7953"
             ],
             [
              0.7777777777777778,
              "#fb9f3a"
             ],
             [
              0.8888888888888888,
              "#fdca26"
             ],
             [
              1,
              "#f0f921"
             ]
            ],
            "type": "histogram2dcontour"
           }
          ],
          "mesh3d": [
           {
            "colorbar": {
             "outlinewidth": 0,
             "ticks": ""
            },
            "type": "mesh3d"
           }
          ],
          "parcoords": [
           {
            "line": {
             "colorbar": {
              "outlinewidth": 0,
              "ticks": ""
             }
            },
            "type": "parcoords"
           }
          ],
          "pie": [
           {
            "automargin": true,
            "type": "pie"
           }
          ],
          "scatter": [
           {
            "fillpattern": {
             "fillmode": "overlay",
             "size": 10,
             "solidity": 0.2
            },
            "type": "scatter"
           }
          ],
          "scatter3d": [
           {
            "line": {
             "colorbar": {
              "outlinewidth": 0,
              "ticks": ""
             }
            },
            "marker": {
             "colorbar": {
              "outlinewidth": 0,
              "ticks": ""
             }
            },
            "type": "scatter3d"
           }
          ],
          "scattercarpet": [
           {
            "marker": {
             "colorbar": {
              "outlinewidth": 0,
              "ticks": ""
             }
            },
            "type": "scattercarpet"
           }
          ],
          "scattergeo": [
           {
            "marker": {
             "colorbar": {
              "outlinewidth": 0,
              "ticks": ""
             }
            },
            "type": "scattergeo"
           }
          ],
          "scattergl": [
           {
            "marker": {
             "colorbar": {
              "outlinewidth": 0,
              "ticks": ""
             }
            },
            "type": "scattergl"
           }
          ],
          "scattermapbox": [
           {
            "marker": {
             "colorbar": {
              "outlinewidth": 0,
              "ticks": ""
             }
            },
            "type": "scattermapbox"
           }
          ],
          "scatterpolar": [
           {
            "marker": {
             "colorbar": {
              "outlinewidth": 0,
              "ticks": ""
             }
            },
            "type": "scatterpolar"
           }
          ],
          "scatterpolargl": [
           {
            "marker": {
             "colorbar": {
              "outlinewidth": 0,
              "ticks": ""
             }
            },
            "type": "scatterpolargl"
           }
          ],
          "scatterternary": [
           {
            "marker": {
             "colorbar": {
              "outlinewidth": 0,
              "ticks": ""
             }
            },
            "type": "scatterternary"
           }
          ],
          "surface": [
           {
            "colorbar": {
             "outlinewidth": 0,
             "ticks": ""
            },
            "colorscale": [
             [
              0,
              "#0d0887"
             ],
             [
              0.1111111111111111,
              "#46039f"
             ],
             [
              0.2222222222222222,
              "#7201a8"
             ],
             [
              0.3333333333333333,
              "#9c179e"
             ],
             [
              0.4444444444444444,
              "#bd3786"
             ],
             [
              0.5555555555555556,
              "#d8576b"
             ],
             [
              0.6666666666666666,
              "#ed7953"
             ],
             [
              0.7777777777777778,
              "#fb9f3a"
             ],
             [
              0.8888888888888888,
              "#fdca26"
             ],
             [
              1,
              "#f0f921"
             ]
            ],
            "type": "surface"
           }
          ],
          "table": [
           {
            "cells": {
             "fill": {
              "color": "#EBF0F8"
             },
             "line": {
              "color": "white"
             }
            },
            "header": {
             "fill": {
              "color": "#C8D4E3"
             },
             "line": {
              "color": "white"
             }
            },
            "type": "table"
           }
          ]
         },
         "layout": {
          "annotationdefaults": {
           "arrowcolor": "#2a3f5f",
           "arrowhead": 0,
           "arrowwidth": 1
          },
          "autotypenumbers": "strict",
          "coloraxis": {
           "colorbar": {
            "outlinewidth": 0,
            "ticks": ""
           }
          },
          "colorscale": {
           "diverging": [
            [
             0,
             "#8e0152"
            ],
            [
             0.1,
             "#c51b7d"
            ],
            [
             0.2,
             "#de77ae"
            ],
            [
             0.3,
             "#f1b6da"
            ],
            [
             0.4,
             "#fde0ef"
            ],
            [
             0.5,
             "#f7f7f7"
            ],
            [
             0.6,
             "#e6f5d0"
            ],
            [
             0.7,
             "#b8e186"
            ],
            [
             0.8,
             "#7fbc41"
            ],
            [
             0.9,
             "#4d9221"
            ],
            [
             1,
             "#276419"
            ]
           ],
           "sequential": [
            [
             0,
             "#0d0887"
            ],
            [
             0.1111111111111111,
             "#46039f"
            ],
            [
             0.2222222222222222,
             "#7201a8"
            ],
            [
             0.3333333333333333,
             "#9c179e"
            ],
            [
             0.4444444444444444,
             "#bd3786"
            ],
            [
             0.5555555555555556,
             "#d8576b"
            ],
            [
             0.6666666666666666,
             "#ed7953"
            ],
            [
             0.7777777777777778,
             "#fb9f3a"
            ],
            [
             0.8888888888888888,
             "#fdca26"
            ],
            [
             1,
             "#f0f921"
            ]
           ],
           "sequentialminus": [
            [
             0,
             "#0d0887"
            ],
            [
             0.1111111111111111,
             "#46039f"
            ],
            [
             0.2222222222222222,
             "#7201a8"
            ],
            [
             0.3333333333333333,
             "#9c179e"
            ],
            [
             0.4444444444444444,
             "#bd3786"
            ],
            [
             0.5555555555555556,
             "#d8576b"
            ],
            [
             0.6666666666666666,
             "#ed7953"
            ],
            [
             0.7777777777777778,
             "#fb9f3a"
            ],
            [
             0.8888888888888888,
             "#fdca26"
            ],
            [
             1,
             "#f0f921"
            ]
           ]
          },
          "colorway": [
           "#636efa",
           "#EF553B",
           "#00cc96",
           "#ab63fa",
           "#FFA15A",
           "#19d3f3",
           "#FF6692",
           "#B6E880",
           "#FF97FF",
           "#FECB52"
          ],
          "font": {
           "color": "#2a3f5f"
          },
          "geo": {
           "bgcolor": "white",
           "lakecolor": "white",
           "landcolor": "#E5ECF6",
           "showlakes": true,
           "showland": true,
           "subunitcolor": "white"
          },
          "hoverlabel": {
           "align": "left"
          },
          "hovermode": "closest",
          "mapbox": {
           "style": "light"
          },
          "paper_bgcolor": "white",
          "plot_bgcolor": "#E5ECF6",
          "polar": {
           "angularaxis": {
            "gridcolor": "white",
            "linecolor": "white",
            "ticks": ""
           },
           "bgcolor": "#E5ECF6",
           "radialaxis": {
            "gridcolor": "white",
            "linecolor": "white",
            "ticks": ""
           }
          },
          "scene": {
           "xaxis": {
            "backgroundcolor": "#E5ECF6",
            "gridcolor": "white",
            "gridwidth": 2,
            "linecolor": "white",
            "showbackground": true,
            "ticks": "",
            "zerolinecolor": "white"
           },
           "yaxis": {
            "backgroundcolor": "#E5ECF6",
            "gridcolor": "white",
            "gridwidth": 2,
            "linecolor": "white",
            "showbackground": true,
            "ticks": "",
            "zerolinecolor": "white"
           },
           "zaxis": {
            "backgroundcolor": "#E5ECF6",
            "gridcolor": "white",
            "gridwidth": 2,
            "linecolor": "white",
            "showbackground": true,
            "ticks": "",
            "zerolinecolor": "white"
           }
          },
          "shapedefaults": {
           "line": {
            "color": "#2a3f5f"
           }
          },
          "ternary": {
           "aaxis": {
            "gridcolor": "white",
            "linecolor": "white",
            "ticks": ""
           },
           "baxis": {
            "gridcolor": "white",
            "linecolor": "white",
            "ticks": ""
           },
           "bgcolor": "#E5ECF6",
           "caxis": {
            "gridcolor": "white",
            "linecolor": "white",
            "ticks": ""
           }
          },
          "title": {
           "x": 0.05
          },
          "xaxis": {
           "automargin": true,
           "gridcolor": "white",
           "linecolor": "white",
           "ticks": "",
           "title": {
            "standoff": 15
           },
           "zerolinecolor": "white",
           "zerolinewidth": 2
          },
          "yaxis": {
           "automargin": true,
           "gridcolor": "white",
           "linecolor": "white",
           "ticks": "",
           "title": {
            "standoff": 15
           },
           "zerolinecolor": "white",
           "zerolinewidth": 2
          }
         }
        },
        "xaxis": {
         "anchor": "y",
         "constrain": "domain",
         "domain": [
          0,
          1
         ],
         "scaleanchor": "y",
         "title": {
          "text": "Sample"
         }
        },
        "yaxis": {
         "anchor": "x",
         "autorange": "reversed",
         "constrain": "domain",
         "domain": [
          0,
          1
         ],
         "title": {
          "text": "Gene ID"
         }
        }
       }
      }
     },
     "metadata": {},
     "output_type": "display_data"
    }
   ],
   "source": [
    "import numpy as np\n",
    "import pandas as pd\n",
    "import plotly.express as px\n",
    "\n",
    "# 加载数据\n",
    "df = pd.read_csv(\"demo-fpkm.csv\")\n",
    "\n",
    "# 提取gene_id作为索引\n",
    "df = df.set_index('gene_id')\n",
    "\n",
    "# 将数据进行归一化，范围-2到2\n",
    "df_normalized = df.apply(lambda x: np.interp(x, (x.min(), x.max()), (-2, 2)))\n",
    "\n",
    "# 将归一化后的DataFrame转置，使样本名称在x轴，基因id在y轴\n",
    "df_normalized = df_normalized.transpose()\n",
    "\n",
    "# 创建热图\n",
    "fig = px.imshow(df_normalized,\n",
    "                labels=dict(x=\"Sample\", y=\"Gene ID\", color=\"FPKM\"),\n",
    "                x=df_normalized.columns,\n",
    "                y=df_normalized.index,\n",
    "                color_continuous_scale='Tealrose'\n",
    "               )\n",
    "\n",
    "# 定义鼠标悬浮数据显示方式\n",
    "fig.update_traces(hovertemplate='Sample: %{x}<br>Gene ID: %{y}<br>FPKM: %{z:.3f}')\n",
    "\n",
    "fig.show()"
   ]
  },
  {
   "cell_type": "code",
   "execution_count": 8,
   "metadata": {},
   "outputs": [
    {
     "data": {
      "application/vnd.plotly.v1+json": {
       "config": {
        "plotlyServerURL": "https://plot.ly"
       },
       "data": [
        {
         "colorscale": [
          [
           0,
           "rgb(103,0,31)"
          ],
          [
           0.1,
           "rgb(178,24,43)"
          ],
          [
           0.2,
           "rgb(214,96,77)"
          ],
          [
           0.3,
           "rgb(244,165,130)"
          ],
          [
           0.4,
           "rgb(253,219,199)"
          ],
          [
           0.5,
           "rgb(247,247,247)"
          ],
          [
           0.6,
           "rgb(209,229,240)"
          ],
          [
           0.7,
           "rgb(146,197,222)"
          ],
          [
           0.8,
           "rgb(67,147,195)"
          ],
          [
           0.9,
           "rgb(33,102,172)"
          ],
          [
           1,
           "rgb(5,48,97)"
          ]
         ],
         "hovertemplate": "Sample: %{x}<br>Gene ID: %{y}<br>FPKM: %{z:.3f}<extra></extra>",
         "type": "heatmap",
         "x": [
          "sample1",
          "sample2",
          "sample3",
          "sample4",
          "sample5",
          "sample6",
          "sample7",
          "sample8"
         ],
         "y": [
          "Mt1",
          "Mt2",
          "Mt3",
          "Mt4",
          "Mt5",
          "Mt6",
          "Mt7",
          "Mt8",
          "Mt9",
          "Mt10",
          "Mt11",
          "Mt12",
          "Mt13",
          "Mt14",
          "Mt15",
          "Mt16",
          "Mt17",
          "Mt18",
          "Mt19",
          "Mt20"
         ],
         "z": [
          [
           0.025746050321826086,
           0.11183941007783682,
           -0.38637382339757975,
           -1.02600807880377,
           -0.28336540143431854,
           -0.5162106902930583,
           -1.3870093127431333,
           -1.5714045980869273
          ],
          [
           -1.8552759898576165,
           -1.6272019664072102,
           -1.8683998207082027,
           -1.8582666005244135,
           -1.6627601889102674,
           -1.6783175932236394,
           -1.1017328775197455,
           -0.8504782681657996
          ],
          [
           2,
           2,
           2,
           2,
           2,
           2,
           2,
           0.9055210605806345
          ],
          [
           0.759508484493856,
           1.7496927488734122,
           -0.5050649932765578,
           -1.1345758628020692,
           0.4743746720307853,
           0.013825333463148404,
           -0.47129553224095244,
           -1.3133076019466352
          ],
          [
           0.47435147259606003,
           0.8402294141745186,
           0.5968623935454951,
           0.04039401885054206,
           0.3242959594192758,
           0.31136208743062976,
           -0.3628433337262762,
           -0.730995133411646
          ],
          [
           -1.7339574800078017,
           -1.664481769766489,
           -1.8400717167189602,
           -1.734391609382751,
           -1.583347909742872,
           -1.776847434524389,
           -1.5619474242602853,
           -1.6187279744923644
          ],
          [
           -1.7238150965476886,
           -1.5526423596886523,
           -1.6790676826535187,
           -1.8273687194387358,
           -1.690397061395837,
           -1.8196864959594976,
           -1.765648944948721,
           -1.818425910387649
          ],
          [
           -2,
           -1.9086439983613273,
           -2,
           -1.9807242576713202,
           -1.756865488892776,
           -1.914321877129783,
           -1.260167393610751,
           -1.5938915925490853
          ],
          [
           -1.9243222157206943,
           -2,
           -1.7518601523980277,
           -2,
           -2,
           -1.9711809950345633,
           -1.867028173995049,
           -1.8875650276892095
          ],
          [
           -1.6017164033547884,
           -1.505120852109791,
           -1.9347377857463022,
           -1.7173836014456807,
           -1.7320272870386566,
           -2,
           -2,
           -2
          ],
          [
           -1.829529939535791,
           -1.5931995083981976,
           -1.8963693411026445,
           -1.9807242576713202,
           -1.6966940703165996,
           -1.841106026677052,
           -1.9839679358717435,
           -1.8348716227554958
          ],
          [
           -1.4012092841817827,
           -1.3293732077017617,
           -1.771223666517257,
           -1.8559988661328042,
           -1.5767010669931782,
           -1.836822120533541,
           -1.4879170104915715,
           -1.6321530458130558
          ],
          [
           -0.8503998439633311,
           -0.8885702580909463,
           -0.5179740026893773,
           -0.3156402806321308,
           -0.7430470526499913,
           -0.5851426346022786,
           0.747612872804432,
           -0.5108239637523073
          ],
          [
           -0.17437097717963712,
           -0.12617779598525192,
           -0.7212909009412822,
           -0.781659698107859,
           -0.2480321847122613,
           -0.13143802940317428,
           -1.9717081221266062,
           -1.8993119650948145
          ],
          [
           -0.5937195240881608,
           0.12371978697255237,
           -0.08695652173913082,
           -0.1512295372404504,
           -0.5380444288962742,
           -0.32810826599162723,
           -0.29305670163857145,
           -0.7806678972982044
          ],
          [
           -0.7013848254339767,
           1.0843916427693565,
           -0.2913491707754374,
           -0.040110552051590975,
           -0.3340913066293507,
           -0.5259468406192194,
           -0.1765884710597665,
           -1.8201040443027354
          ],
          [
           0.43222157206943645,
           0.21958213846784114,
           -0.509726580008965,
           -0.634256962653249,
           -0.6363477348259574,
           -0.559049751728167,
           -0.5764470116703997,
           -1.2344353079375732
          ],
          [
           0.7103569338794613,
           0.32486685784514524,
           -0.09161810847153773,
           -0.40209765431223854,
           1.0110197656113344,
           1.139324311167364,
           1.8825887068254157,
           2
          ],
          [
           -0.42480983031012287,
           0.9766489143793526,
           0.5714029583146569,
           -0.15293033803415756,
           -1.2391114220745145,
           -1.1373770811021324,
           -0.4038665566426971,
           -0.8696089947977848
          ],
          [
           -0.5699239321240492,
           -0.7021712412945516,
           -0.6528014343343795,
           -1.0090000708666995,
           -1.4483120517754067,
           -1.5131924836919481,
           -1.0890015324767182,
           -0.7514683671757003
          ]
         ]
        }
       ],
       "layout": {
        "template": {
         "data": {
          "bar": [
           {
            "error_x": {
             "color": "#2a3f5f"
            },
            "error_y": {
             "color": "#2a3f5f"
            },
            "marker": {
             "line": {
              "color": "#E5ECF6",
              "width": 0.5
             },
             "pattern": {
              "fillmode": "overlay",
              "size": 10,
              "solidity": 0.2
             }
            },
            "type": "bar"
           }
          ],
          "barpolar": [
           {
            "marker": {
             "line": {
              "color": "#E5ECF6",
              "width": 0.5
             },
             "pattern": {
              "fillmode": "overlay",
              "size": 10,
              "solidity": 0.2
             }
            },
            "type": "barpolar"
           }
          ],
          "carpet": [
           {
            "aaxis": {
             "endlinecolor": "#2a3f5f",
             "gridcolor": "white",
             "linecolor": "white",
             "minorgridcolor": "white",
             "startlinecolor": "#2a3f5f"
            },
            "baxis": {
             "endlinecolor": "#2a3f5f",
             "gridcolor": "white",
             "linecolor": "white",
             "minorgridcolor": "white",
             "startlinecolor": "#2a3f5f"
            },
            "type": "carpet"
           }
          ],
          "choropleth": [
           {
            "colorbar": {
             "outlinewidth": 0,
             "ticks": ""
            },
            "type": "choropleth"
           }
          ],
          "contour": [
           {
            "colorbar": {
             "outlinewidth": 0,
             "ticks": ""
            },
            "colorscale": [
             [
              0,
              "#0d0887"
             ],
             [
              0.1111111111111111,
              "#46039f"
             ],
             [
              0.2222222222222222,
              "#7201a8"
             ],
             [
              0.3333333333333333,
              "#9c179e"
             ],
             [
              0.4444444444444444,
              "#bd3786"
             ],
             [
              0.5555555555555556,
              "#d8576b"
             ],
             [
              0.6666666666666666,
              "#ed7953"
             ],
             [
              0.7777777777777778,
              "#fb9f3a"
             ],
             [
              0.8888888888888888,
              "#fdca26"
             ],
             [
              1,
              "#f0f921"
             ]
            ],
            "type": "contour"
           }
          ],
          "contourcarpet": [
           {
            "colorbar": {
             "outlinewidth": 0,
             "ticks": ""
            },
            "type": "contourcarpet"
           }
          ],
          "heatmap": [
           {
            "colorbar": {
             "outlinewidth": 0,
             "ticks": ""
            },
            "colorscale": [
             [
              0,
              "#0d0887"
             ],
             [
              0.1111111111111111,
              "#46039f"
             ],
             [
              0.2222222222222222,
              "#7201a8"
             ],
             [
              0.3333333333333333,
              "#9c179e"
             ],
             [
              0.4444444444444444,
              "#bd3786"
             ],
             [
              0.5555555555555556,
              "#d8576b"
             ],
             [
              0.6666666666666666,
              "#ed7953"
             ],
             [
              0.7777777777777778,
              "#fb9f3a"
             ],
             [
              0.8888888888888888,
              "#fdca26"
             ],
             [
              1,
              "#f0f921"
             ]
            ],
            "type": "heatmap"
           }
          ],
          "heatmapgl": [
           {
            "colorbar": {
             "outlinewidth": 0,
             "ticks": ""
            },
            "colorscale": [
             [
              0,
              "#0d0887"
             ],
             [
              0.1111111111111111,
              "#46039f"
             ],
             [
              0.2222222222222222,
              "#7201a8"
             ],
             [
              0.3333333333333333,
              "#9c179e"
             ],
             [
              0.4444444444444444,
              "#bd3786"
             ],
             [
              0.5555555555555556,
              "#d8576b"
             ],
             [
              0.6666666666666666,
              "#ed7953"
             ],
             [
              0.7777777777777778,
              "#fb9f3a"
             ],
             [
              0.8888888888888888,
              "#fdca26"
             ],
             [
              1,
              "#f0f921"
             ]
            ],
            "type": "heatmapgl"
           }
          ],
          "histogram": [
           {
            "marker": {
             "pattern": {
              "fillmode": "overlay",
              "size": 10,
              "solidity": 0.2
             }
            },
            "type": "histogram"
           }
          ],
          "histogram2d": [
           {
            "colorbar": {
             "outlinewidth": 0,
             "ticks": ""
            },
            "colorscale": [
             [
              0,
              "#0d0887"
             ],
             [
              0.1111111111111111,
              "#46039f"
             ],
             [
              0.2222222222222222,
              "#7201a8"
             ],
             [
              0.3333333333333333,
              "#9c179e"
             ],
             [
              0.4444444444444444,
              "#bd3786"
             ],
             [
              0.5555555555555556,
              "#d8576b"
             ],
             [
              0.6666666666666666,
              "#ed7953"
             ],
             [
              0.7777777777777778,
              "#fb9f3a"
             ],
             [
              0.8888888888888888,
              "#fdca26"
             ],
             [
              1,
              "#f0f921"
             ]
