{
 "cells": [
  {
   "cell_type": "code",
   "execution_count": 22,
   "metadata": {},
   "outputs": [
    {
     "data": {
      "text/html": [
       "<div>\n",
       "<style scoped>\n",
       "    .dataframe tbody tr th:only-of-type {\n",
       "        vertical-align: middle;\n",
       "    }\n",
       "\n",
       "    .dataframe tbody tr th {\n",
       "        vertical-align: top;\n",
       "    }\n",
       "\n",
       "    .dataframe thead th {\n",
       "        text-align: right;\n",
       "    }\n",
       "</style>\n",
       "<table border=\"1\" class=\"dataframe\">\n",
       "  <thead>\n",
       "    <tr style=\"text-align: right;\">\n",
       "      <th></th>\n",
       "      <th>Gene</th>\n",
       "      <th>M1</th>\n",
       "      <th>M2</th>\n",
       "      <th>M3</th>\n",
       "      <th>M4</th>\n",
       "      <th>M5</th>\n",
       "      <th>M6</th>\n",
       "      <th>M7</th>\n",
       "      <th>M8</th>\n",
       "      <th>M9</th>\n",
       "      <th>M10</th>\n",
       "    </tr>\n",
       "  </thead>\n",
       "  <tbody>\n",
       "    <tr>\n",
       "      <th>0</th>\n",
       "      <td>RGL4</td>\n",
       "      <td>8.454808</td>\n",
       "      <td>8.019389</td>\n",
       "      <td>8.990836</td>\n",
       "      <td>9.718631</td>\n",
       "      <td>7.908075</td>\n",
       "      <td>4.147051</td>\n",
       "      <td>4.985084</td>\n",
       "      <td>4.576711</td>\n",
       "      <td>4.930349</td>\n",
       "      <td>4.293700</td>\n",
       "    </tr>\n",
       "    <tr>\n",
       "      <th>1</th>\n",
       "      <td>MPP7</td>\n",
       "      <td>8.690520</td>\n",
       "      <td>8.630346</td>\n",
       "      <td>7.080873</td>\n",
       "      <td>9.838476</td>\n",
       "      <td>8.271824</td>\n",
       "      <td>5.179200</td>\n",
       "      <td>5.200868</td>\n",
       "      <td>3.266993</td>\n",
       "      <td>5.565226</td>\n",
       "      <td>4.300309</td>\n",
       "    </tr>\n",
       "    <tr>\n",
       "      <th>2</th>\n",
       "      <td>UGCG</td>\n",
       "      <td>8.648366</td>\n",
       "      <td>8.600555</td>\n",
       "      <td>9.431046</td>\n",
       "      <td>7.923021</td>\n",
       "      <td>8.309214</td>\n",
       "      <td>4.902510</td>\n",
       "      <td>5.750804</td>\n",
       "      <td>4.492856</td>\n",
       "      <td>4.659987</td>\n",
       "      <td>3.306275</td>\n",
       "    </tr>\n",
       "    <tr>\n",
       "      <th>3</th>\n",
       "      <td>CYSTM1</td>\n",
       "      <td>8.628884</td>\n",
       "      <td>9.238677</td>\n",
       "      <td>8.487243</td>\n",
       "      <td>8.958537</td>\n",
       "      <td>7.357109</td>\n",
       "      <td>4.541605</td>\n",
       "      <td>6.370533</td>\n",
       "      <td>4.246651</td>\n",
       "      <td>4.745769</td>\n",
       "      <td>3.449627</td>\n",
       "    </tr>\n",
       "    <tr>\n",
       "      <th>4</th>\n",
       "      <td>ANXA2</td>\n",
       "      <td>4.983769</td>\n",
       "      <td>6.748022</td>\n",
       "      <td>6.220791</td>\n",
       "      <td>4.719403</td>\n",
       "      <td>3.284346</td>\n",
       "      <td>8.089850</td>\n",
       "      <td>10.637472</td>\n",
       "      <td>7.214912</td>\n",
       "      <td>9.002710</td>\n",
       "      <td>5.123359</td>\n",
       "    </tr>\n",
       "  </tbody>\n",
       "</table>\n",
       "</div>"
      ],
      "text/plain": [
       "     Gene        M1        M2        M3        M4        M5        M6  \\\n",
       "0    RGL4  8.454808  8.019389  8.990836  9.718631  7.908075  4.147051   \n",
       "1    MPP7  8.690520  8.630346  7.080873  9.838476  8.271824  5.179200   \n",
       "2    UGCG  8.648366  8.600555  9.431046  7.923021  8.309214  4.902510   \n",
       "3  CYSTM1  8.628884  9.238677  8.487243  8.958537  7.357109  4.541605   \n",
       "4   ANXA2  4.983769  6.748022  6.220791  4.719403  3.284346  8.089850   \n",
       "\n",
       "          M7        M8        M9       M10  \n",
       "0   4.985084  4.576711  4.930349  4.293700  \n",
       "1   5.200868  3.266993  5.565226  4.300309  \n",
       "2   5.750804  4.492856  4.659987  3.306275  \n",
       "3   6.370533  4.246651  4.745769  3.449627  \n",
       "4  10.637472  7.214912  9.002710  5.123359  "
      ]
     },
     "execution_count": 22,
     "metadata": {},
     "output_type": "execute_result"
    }
   ],
   "source": [
    "import pandas as pd\n",
    "import plotly.express as px\n",
    "\n",
    "demo_df = pd.read_csv('KR3wzMHb.txt',sep='\\t').copy()\n",
    "demo_df.head()"
   ]
  },
  {
   "cell_type": "code",
   "execution_count": 23,
   "metadata": {},
   "outputs": [
    {
     "data": {
      "application/vnd.plotly.v1+json": {
       "config": {
        "plotlyServerURL": "https://plot.ly"
       },
       "data": [
        {
         "coloraxis": "coloraxis",
         "hovertemplate": "x: %{x}<br>y: %{y}<br>color: %{z}<extra></extra>",
         "name": "0",
         "type": "heatmap",
         "x": [
          "M1",
          "M2",
          "M3",
          "M4",
          "M5",
          "M6",
          "M7",
          "M8",
          "M9",
          "M10"
         ],
         "xaxis": "x",
         "y": [
          "M1",
          "M2",
          "M3",
          "M4",
          "M5",
          "M6",
          "M7",
          "M8",
          "M9",
          "M10"
         ],
         "yaxis": "y",
         "z": [
          [
           1,
           0.4347291646491617,
           0.5959619497798089,
           0.7460973067088564,
           0.661574643138329,
           -0.4621798328211679,
           -0.7186108909951326,
           -0.6972358532431638,
           -0.7617989587116151,
           -0.5888985821585048
          ],
          [
           0.4347291646491617,
           1,
           0.623800557295729,
           0.5480410471993027,
           0.7449488644636876,
           -0.8321171865510081,
           -0.3998131589477731,
           -0.8176005022571623,
           -0.7098111340040181,
           -0.545476075164314
          ],
          [
           0.5959619497798089,
           0.623800557295729,
           1,
           0.5345049024186963,
           0.471260800654963,
           -0.5795800533649038,
           -0.39402118257243274,
           -0.5760073241423498,
           -0.8335640000433145,
           -0.7044192036634664
          ],
          [
           0.7460973067088564,
           0.5480410471993027,
           0.5345049024186963,
           1,
           0.7287500594842391,
           -0.7978411765113964,
           -0.828284522255145,
           -0.7443191388648558,
           -0.540631491916307,
           -0.5316693789211785
          ],
          [
           0.661574643138329,
           0.7449488644636876,
           0.471260800654963,
           0.7287500594842391,
           1,
           -0.8528005774149284,
           -0.6662364703825455,
           -0.9086275605617435,
           -0.7315992941850337,
           -0.33039741478282625
          ],
          [
           -0.4621798328211679,
           -0.8321171865510081,
           -0.5795800533649038,
           -0.7978411765113964,
           -0.8528005774149284,
           1,
           0.6344743962862586,
           0.8072605638800824,
           0.6078105777703038,
           0.4316995446378529
          ],
          [
           -0.7186108909951326,
           -0.3998131589477731,
           -0.39402118257243274,
           -0.828284522255145,
           -0.6662364703825455,
           0.6344743962862586,
           1,
           0.5066721421455673,
           0.49769182993763195,
           0.1981307733074433
          ],
          [
           -0.6972358532431638,
           -0.8176005022571623,
           -0.5760073241423498,
           -0.7443191388648558,
           -0.9086275605617435,
           0.8072605638800824,
           0.5066721421455673,
           1,
           0.7554455442583814,
           0.562106351433188
          ],
          [
           -0.7617989587116151,
           -0.7098111340040181,
           -0.8335640000433145,
           -0.540631491916307,
           -0.7315992941850337,
           0.6078105777703038,
           0.49769182993763195,
           0.7554455442583814,
           1,
           0.5097655433787117
          ],
          [
           -0.5888985821585048,
           -0.545476075164314,
           -0.7044192036634664,
           -0.5316693789211785,
           -0.33039741478282625,
           0.4316995446378529,
           0.1981307733074433,
           0.562106351433188,
           0.5097655433787117,
           1
          ]
         ]
        }
       ],
       "layout": {
        "coloraxis": {
         "cmax": 1,
         "cmin": -1,
         "colorscale": [
          [
           0,
           "rgb(0, 128, 128)"
          ],
          [
           0.16666666666666666,
           "rgb(112, 164, 148)"
          ],
          [
           0.3333333333333333,
           "rgb(180, 200, 168)"
          ],
          [
           0.5,
           "rgb(246, 237, 189)"
          ],
          [
           0.6666666666666666,
           "rgb(237, 187, 138)"
          ],
          [
           0.8333333333333334,
           "rgb(222, 138, 90)"
          ],
          [
           1,
           "rgb(202, 86, 44)"
          ]
         ]
        },
        "height": 450,
        "margin": {
         "t": 60
        },
        "template": {
         "data": {
          "bar": [
           {
            "error_x": {
             "color": "#2a3f5f"
            },
            "error_y": {
             "color": "#2a3f5f"
            },
            "marker": {
             "line": {
              "color": "#E5ECF6",
              "width": 0.5
             },
             "pattern": {
              "fillmode": "overlay",
              "size": 10,
              "solidity": 0.2
             }
            },
            "type": "bar"
           }
          ],
          "barpolar": [
           {
            "marker": {
             "line": {
              "color": "#E5ECF6",
              "width": 0.5
             },
             "pattern": {
              "fillmode": "overlay",
              "size": 10,
              "solidity": 0.2
             }
            },
            "type": "barpolar"
           }
          ],
          "carpet": [
           {
            "aaxis": {
             "endlinecolor": "#2a3f5f",
             "gridcolor": "white",
             "linecolor": "white",
             "minorgridcolor": "white",
             "startlinecolor": "#2a3f5f"
            },
            "baxis": {
             "endlinecolor": "#2a3f5f",
             "gridcolor": "white",
             "linecolor": "white",
             "minorgridcolor": "white",
             "startlinecolor": "#2a3f5f"
            },
            "type": "carpet"
           }
          ],
          "choropleth": [
           {
            "colorbar": {
             "outlinewidth": 0,
             "ticks": ""
            },
            "type": "choropleth"
           }
          ],
          "contour": [
           {
            "colorbar": {
             "outlinewidth": 0,
             "ticks": ""
            },
            "colorscale": [
             [
              0,
              "#0d0887"
             ],
             [
              0.1111111111111111,
              "#46039f"
             ],
             [
              0.2222222222222222,
              "#7201a8"
             ],
             [
              0.3333333333333333,
              "#9c179e"
             ],
             [
              0.4444444444444444,
              "#bd3786"
             ],
             [
              0.5555555555555556,
              "#d8576b"
             ],
             [
              0.6666666666666666,
              "#ed7953"
             ],
             [
              0.7777777777777778,
              "#fb9f3a"
             ],
             [
              0.8888888888888888,
              "#fdca26"
             ],
             [
              1,
              "#f0f921"
             ]
            ],
            "type": "contour"
           }
          ],
          "contourcarpet": [
           {
            "colorbar": {
             "outlinewidth": 0,
             "ticks": ""
            },
            "type": "contourcarpet"
           }
          ],
          "heatmap": [
           {
            "colorbar": {
             "outlinewidth": 0,
             "ticks": ""
            },
            "colorscale": [
             [
              0,
              "#0d0887"
             ],
             [
              0.1111111111111111,
              "#46039f"
             ],
             [
              0.2222222222222222,
              "#7201a8"
             ],
             [
              0.3333333333333333,
              "#9c179e"
             ],
             [
              0.4444444444444444,
              "#bd3786"
             ],
             [
              0.5555555555555556,
              "#d8576b"
             ],
             [
              0.6666666666666666,
              "#ed7953"
             ],
             [
              0.7777777777777778,
              "#fb9f3a"
             ],
             [
              0.8888888888888888,
              "#fdca26"
             ],
             [
              1,
              "#f0f921"
             ]
            ],
            "type": "heatmap"
           }
          ],
          "heatmapgl": [
           {
            "colorbar": {
             "outlinewidth": 0,
             "ticks": ""
            },
            "colorscale": [
             [
              0,
              "#0d0887"
             ],
             [
              0.1111111111111111,
              "#46039f"
             ],
             [
              0.2222222222222222,
              "#7201a8"
             ],
             [
              0.3333333333333333,
              "#9c179e"
             ],
             [
              0.4444444444444444,
              "#bd3786"
             ],
             [
              0.5555555555555556,
              "#d8576b"
             ],
             [
              0.6666666666666666,
              "#ed7953"
             ],
             [
              0.7777777777777778,
              "#fb9f3a"
             ],
             [
              0.8888888888888888,
              "#fdca26"
             ],
             [
              1,
              "#f0f921"
             ]
            ],
            "type": "heatmapgl"
           }
          ],
          "histogram": [
           {
            "marker": {
             "pattern": {
              "fillmode": "overlay",
              "size": 10,
              "solidity": 0.2
             }
            },
            "type": "histogram"
           }
          ],
          "histogram2d": [
           {
            "colorbar": {
             "outlinewidth": 0,
             "ticks": ""
            },
            "colorscale": [
             [
              0,
              "#0d0887"
             ],
             [
              0.1111111111111111,
              "#46039f"
             ],
             [
              0.2222222222222222,
              "#7201a8"
             ],
             [
              0.3333333333333333,
              "#9c179e"
             ],
             [
              0.4444444444444444,
              "#bd3786"
             ],
             [
              0.5555555555555556,
              "#d8576b"
             ],
             [
              0.6666666666666666,
              "#ed7953"
             ],
             [
              0.7777777777777778,
              "#fb9f3a"
             ],
             [
              0.8888888888888888,
              "#fdca26"
             ],
             [
              1,
              "#f0f921"
             ]
            ],
            "type": "histogram2d"
           }
          ],
          "histogram2dcontour": [
           {
            "colorbar": {
             "outlinewidth": 0,
             "ticks": ""
            },
            "colorscale": [
             [
              0,
              "#0d0887"
             ],
             [
              0.1111111111111111,
              "#46039f"
             ],
             [
              0.2222222222222222,
              "#7201a8"
             ],
             [
              0.3333333333333333,
              "#9c179e"
             ],
             [
              0.4444444444444444,
              "#bd3786"
             ],
             [
              0.5555555555555556,
              "#d8576b"
             ],
             [
              0.6666666666666666,
              "#ed7953"
             ],
             [
              0.7777777777777778,
              "#fb9f3a"
             ],
             [
              0.8888888888888888,
              "#fdca26"
             ],
             [
              1,
              "#f0f921"
             ]
            ],
            "type": "histogram2dcontour"
           }
          ],
          "mesh3d": [
           {
            "colorbar": {
             "outlinewidth": 0,
             "ticks": ""
            },
            "type": "mesh3d"
           }
          ],
          "parcoords": [
           {
            "line": {
             "colorbar": {
              "outlinewidth": 0,
              "ticks": ""
             }
            },
            "type": "parcoords"
           }
          ],
          "pie": [
           {
            "automargin": true,
            "type": "pie"
           }
          ],
          "scatter": [
           {
            "fillpattern": {
             "fillmode": "overlay",
             "size": 10,
             "solidity": 0.2
            },
            "type": "scatter"
           }
          ],
          "scatter3d": [
           {
            "line": {
             "colorbar": {
              "outlinewidth": 0,
              "ticks": ""
             }
            },
            "marker": {
             "colorbar": {
              "outlinewidth": 0,
              "ticks": ""
             }
            },
            "type": "scatter3d"
           }
          ],
          "scattercarpet": [
           {
            "marker": {
             "colorbar": {
              "outlinewidth": 0,
              "ticks": ""
             }
            },
            "type": "scattercarpet"
           }
          ],
          "scattergeo": [
           {
            "marker": {
             "colorbar": {
              "outlinewidth": 0,
              "ticks": ""
             }
            },
            "type": "scattergeo"
           }
          ],
          "scattergl": [
           {
            "marker": {
             "colorbar": {
              "outlinewidth": 0,
              "ticks": ""
             }
            },
            "type": "scattergl"
           }
          ],
          "scattermapbox": [
           {
            "marker": {
             "colorbar": {
              "outlinewidth": 0,
              "ticks": ""
             }
            },
            "type": "scattermapbox"
           }
          ],
          "scatterpolar": [
           {
            "marker": {
             "colorbar": {
              "outlinewidth": 0,
              "ticks": ""
             }
            },
            "type": "scatterpolar"
           }
          ],
          "scatterpolargl": [
           {
            "marker": {
             "colorbar": {
              "outlinewidth": 0,
              "ticks": ""
             }
            },
            "type": "scatterpolargl"
           }
          ],
          "scatterternary": [
           {
            "marker": {
             "colorbar": {
              "outlinewidth": 0,
              "ticks": ""
             }
            },
            "type": "scatterternary"
           }
          ],
          "surface": [
           {
            "colorbar": {
             "outlinewidth": 0,
             "ticks": ""
            },
            "colorscale": [
             [
              0,
              "#0d0887"
             ],
             [
              0.1111111111111111,
              "#46039f"
             ],
             [
              0.2222222222222222,
              "#7201a8"
             ],
             [
              0.3333333333333333,
              "#9c179e"
             ],
             [
              0.4444444444444444,
              "#bd3786"
             ],
             [
              0.5555555555555556,
              "#d8576b"
             ],
             [
              0.6666666666666666,
              "#ed7953"
             ],
             [
              0.7777777777777778,
              "#fb9f3a"
             ],
             [
              0.8888888888888888,
              "#fdca26"
             ],
             [
              1,
              "#f0f921"
             ]
            ],
            "type": "surface"
           }
          ],
          "table": [
           {
            "cells": {
             "fill": {
              "color": "#EBF0F8"
             },
             "line": {
              "color": "white"
             }
            },
            "header": {
             "fill": {
              "color": "#C8D4E3"
             },
             "line": {
              "color": "white"
             }
            },
            "type": "table"
           }
          ]
         },
         "layout": {
          "annotationdefaults": {
           "arrowcolor": "#2a3f5f",
           "arrowhead": 0,
           "arrowwidth": 1
          },
          "autotypenumbers": "strict",
          "coloraxis": {
           "colorbar": {
            "outlinewidth": 0,
            "ticks": ""
           }
          },
          "colorscale": {
           "diverging": [
            [
             0,
             "#8e0152"
            ],
            [
             0.1,
             "#c51b7d"
            ],
            [
             0.2,
             "#de77ae"
            ],
            [
             0.3,
             "#f1b6da"
            ],
            [
             0.4,
             "#fde0ef"
            ],
            [
             0.5,
             "#f7f7f7"
            ],
            [
             0.6,
             "#e6f5d0"
            ],
            [
             0.7,
             "#b8e186"
            ],
            [
             0.8,
             "#7fbc41"
            ],
            [
             0.9,
             "#4d9221"
            ],
            [
             1,
             "#276419"
            ]
           ],
           "sequential": [
            [
             0,
             "#0d0887"
            ],
            [
             0.1111111111111111,
             "#46039f"
            ],
            [
             0.2222222222222222,
             "#7201a8"
            ],
            [
             0.3333333333333333,
             "#9c179e"
            ],
            [
             0.4444444444444444,
             "#bd3786"
            ],
            [
             0.5555555555555556,
             "#d8576b"
            ],
            [
             0.6666666666666666,
             "#ed7953"
            ],
            [
             0.7777777777777778,
             "#fb9f3a"
            ],
            [
             0.8888888888888888,
             "#fdca26"
            ],
            [
             1,
             "#f0f921"
            ]
           ],
           "sequentialminus": [
            [
             0,
             "#0d0887"
            ],
            [
             0.1111111111111111,
             "#46039f"
            ],
            [
             0.2222222222222222,
             "#7201a8"
            ],
            [
             0.3333333333333333,
             "#9c179e"
            ],
            [
             0.4444444444444444,
             "#bd3786"
            ],
            [
             0.5555555555555556,
             "#d8576b"
            ],
            [
             0.6666666666666666,
             "#ed7953"
            ],
            [
             0.7777777777777778,
             "#fb9f3a"
            ],
            [
             0.8888888888888888,
             "#fdca26"
            ],
            [
             1,
             "#f0f921"
            ]
           ]
          },
          "colorway": [
           "#636efa",
           "#EF553B",
           "#00cc96",
           "#ab63fa",
           "#FFA15A",
           "#19d3f3",
           "#FF6692",
           "#B6E880",
           "#FF97FF",
           "#FECB52"
          ],
          "font": {
           "color": "#2a3f5f"
          },
          "geo": {
           "bgcolor": "white",
           "lakecolor": "white",
           "landcolor": "#E5ECF6",
           "showlakes": true,
           "showland": true,
           "subunitcolor": "white"
          },
          "hoverlabel": {
           "align": "left"
          },
          "hovermode": "closest",
          "mapbox": {
           "style": "light"
          },
          "paper_bgcolor": "white",
          "plot_bgcolor": "#E5ECF6",
          "polar": {
           "angularaxis": {
            "gridcolor": "white",
            "linecolor": "white",
            "ticks": ""
           },
           "bgcolor": "#E5ECF6",
           "radialaxis": {
            "gridcolor": "white",
            "linecolor": "white",
            "ticks": ""
           }
          },
          "scene": {
           "xaxis": {
            "backgroundcolor": "#E5ECF6",
            "gridcolor": "white",
            "gridwidth": 2,
            "linecolor": "white",
            "showbackground": true,
            "ticks": "",
            "zerolinecolor": "white"
           },
           "yaxis": {
            "backgroundcolor": "#E5ECF6",
            "gridcolor": "white",
            "gridwidth": 2,
            "linecolor": "white",
            "showbackground": true,
            "ticks": "",
            "zerolinecolor": "white"
           },
           "zaxis": {
            "backgroundcolor": "#E5ECF6",
            "gridcolor": "white",
            "gridwidth": 2,
            "linecolor": "white",
            "showbackground": true,
            "ticks": "",
            "zerolinecolor": "white"
           }
          },
          "shapedefaults": {
           "line": {
            "color": "#2a3f5f"
           }
          },
          "ternary": {
           "aaxis": {
            "gridcolor": "white",
            "linecolor": "white",
            "ticks": ""
           },
           "baxis": {
            "gridcolor": "white",
            "linecolor": "white",
            "ticks": ""
           },
           "bgcolor": "#E5ECF6",
           "caxis": {
            "gridcolor": "white",
            "linecolor": "white",
            "ticks": ""
           }
          },
          "title": {
           "x": 0.05
          },
          "xaxis": {
           "automargin": true,
           "gridcolor": "white",
           "linecolor": "white",
           "ticks": "",
           "title": {
            "standoff": 15
           },
           "zerolinecolor": "white",
           "zerolinewidth": 2
          },
          "yaxis": {
           "automargin": true,
           "gridcolor": "white",
           "linecolor": "white",
           "ticks": "",
           "title": {
            "standoff": 15
           },
           "zerolinecolor": "white",
           "zerolinewidth": 2
          }
         }
        },
        "width": 800,
        "xaxis": {
         "anchor": "y",
         "constrain": "domain",
         "domain": [
          0,
          1
         ],
         "scaleanchor": "y"
        },
        "yaxis": {
         "anchor": "x",
         "autorange": "reversed",
         "constrain": "domain",
         "domain": [
          0,
          1
         ]
        }
       }
      }
     },
     "metadata": {},
     "output_type": "display_data"
    }
   ],
   "source": [
    "def corrplot_sample(df_expression_matrix, corlor_scale, zmin,zmax):\n",
    "    \"\"\"根据输入的表达矩阵，计算样本之间的相关性，并绘制热图\n",
    "\n",
    "    Args:\n",
    "        df_expression_matrix (pd.DataFrame): 表达矩阵\n",
    "        corlor_scale (str): 颜色比例尺\n",
    "        zmin (float): 颜色比例尺的最小值\n",
    "        zmax (float): 颜色比例尺的最大值\n",
    "    Returns:\n",
    "        fig: 绘制的热图\n",
    "    \"\"\"\n",
    "    # 去掉第一列的样本名\n",
    "    df_expression_matrix_filter = df_expression_matrix.iloc[:, 1:]\n",
    "\n",
    "    # df_expression_matrix_filter 保留两位小数\n",
    "    df_expression_matrix_filter = df_expression_matrix_filter.round(2)\n",
    "    \n",
    "    # 计算样本之间的相关性\n",
    "    correlation_matrix = df_expression_matrix_filter.corr()\n",
    "\n",
    "    # 绘制相关性矩阵的热图\n",
    "    fig = px.imshow(correlation_matrix,\n",
    "                    color_continuous_scale=corlor_scale,\n",
    "                    zmin=zmin,  # 设置颜色比例尺的最小值\n",
    "                    zmax=zmax)  # 设置颜色比例尺的最大值\n",
    "\n",
    "    # 设置输出图的大小\n",
    "    fig.update_layout(width=800, height=450)\n",
    "    \n",
    "    return fig\n",
    "\n",
    "corrplot_sample(demo_df, 'Geyser', -1, 1)"
   ]
  },
  {
   "cell_type": "code",
   "execution_count": 24,
   "metadata": {},
   "outputs": [
    {
     "data": {
      "application/vnd.plotly.v1+json": {
       "config": {
        "plotlyServerURL": "https://plot.ly"
       },
       "data": [
        {
         "coloraxis": "coloraxis",
         "hovertemplate": "x: %{x}<br>y: %{y}<br>color: %{z}<extra></extra>",
         "name": "0",
         "type": "heatmap",
         "x": [
          "RGL4",
          "MPP7",
          "UGCG",
          "CYSTM1",
          "ANXA2",
          "ENDOD1",
          "ARHGAP24",
          "CST7",
          "HIST1H2BM",
          "EREG",
          "EMP1",
          "NFAM1",
          "SLC40A1",
          "CD52",
          "HIST1H2BH",
          "PFKFB3",
          "SNORD116-20",
          "STX11",
          "SYNE2",
          "TCN1"
         ],
         "xaxis": "x",
         "y": [
          "RGL4",
          "MPP7",
          "UGCG",
          "CYSTM1",
          "ANXA2",
          "ENDOD1",
          "ARHGAP24",
          "CST7",
          "HIST1H2BM",
          "EREG",
          "EMP1",
          "NFAM1",
          "SLC40A1",
          "CD52",
          "HIST1H2BH",
          "PFKFB3",
          "SNORD116-20",
          "STX11",
          "SYNE2",
          "TCN1"
         ],
         "yaxis": "y",
         "z": [
          [
           1,
           0.9141637387014139,
           0.9292385792188468,
           0.9364517072592097,
           -0.5908765097567992,
           -0.9075785775821869,
           0.8880111627408034,
           0.9490096446708028,
           -0.6031364762070018,
           -0.01998067368719479,
           -0.49359096627246873,
           0.8585782600345262,
           0.5061370327435835,
           -0.703372916533774,
           -0.6793159984708388,
           0.8895451880247074,
           0.18781467797276952,
           0.9525165436333403,
           0.7800704881670837,
           0.8896221408393827
          ],
          [
           0.9141637387014139,
           1,
           0.8517526047598869,
           0.9073350859348354,
           -0.5425135272619833,
           -0.8617681792448094,
           0.7626190088989627,
           0.8990410245784599,
           -0.6558313584274251,
           -0.19660717671522943,
           -0.4458242014742343,
           0.8977561170450936,
           0.6485088849446659,
           -0.7337387017329984,
           -0.7695899959737511,
           0.8410265130263331,
           0.047961780219593415,
           0.9143134887472184,
           0.7951469346707943,
           0.8876722069574243
          ],
          [
           0.9292385792188468,
           0.8517526047598869,
           1,
           0.9557060840179357,
           -0.43984874236352434,
           -0.7913357112931544,
           0.8542199877847299,
           0.8405609871147252,
           -0.6946215032659298,
           0.15361982117963568,
           -0.3570439874125504,
           0.8583644914261421,
           0.36185275156719493,
           -0.6719564704746656,
           -0.7112277751634144,
           0.9427662508048185,
           0.20088878477001168,
           0.951083270358923,
           0.9220881777589844,
           0.9274962014191472
          ],
          [
           0.9364517072592097,
           0.9073350859348354,
           0.9557060840179357,
           1,
           -0.35790284883129614,
           -0.7617833707366274,
           0.8120223435745721,
           0.8522909190210771,
           -0.6319745509957204,
           0.07389120369236878,
           -0.2714798460993554,
           0.8654980792635015,
           0.3398602933202719,
           -0.6119730088619653,
           -0.6818978716487324,
           0.9326118739692814,
           0.22435522780146855,
           0.9847469180399201,
           0.9079443435312465,
           0.9735170793842469
          ],
          [
           -0.5908765097567992,
           -0.5425135272619833,
           -0.43984874236352434,
           -0.35790284883129614,
           1,
           0.825320401287792,
           -0.6596279273828016,
           -0.7222907528399782,
           0.5402122457373725,
           0.22204021203205856,
           0.9015309431590417,
           -0.6619268279481187,
           -0.6677150409553668,
           0.7739225082125851,
           0.6255475458664637,
           -0.4615443048605608,
           0.3747396614113937,
           -0.37283319230973133,
           -0.32696775586957616,
           -0.24915254373448753
          ],
          [
           -0.9075785775821869,
           -0.8617681792448094,
           -0.7913357112931544,
           -0.7617833707366274,
           0.825320401287792,
           1,
           -0.9068460076111948,
           -0.9612584130242595,
           0.7085189503145926,
           0.19013293186907268,
           0.7127332607784794,
           -0.8712321132373333,
           -0.6117960211857836,
           0.8545051643191746,
           0.7905761982285125,
           -0.813520749916747,
           0.1413008372384106,
           -0.7866187551789402,
           -0.6571627319422484,
           -0.7084751076908753
          ],
          [
           0.8880111627408034,
           0.7626190088989627,
           0.8542199877847299,
           0.8120223435745721,
           -0.6596279273828016,
           -0.9068460076111948,
           1,
           0.942550211491967,
           -0.7849057139096826,
           -0.12680613935057727,
           -0.5071955787883179,
           0.8761102001225444,
           0.3119360511946594,
           -0.7087073771740565,
           -0.8074706594156312,
           0.9283857063210372,
           -0.1684678623021195,
           0.8272589380151255,
           0.7388508703127051,
           0.772980138664478
          ],
          [
           0.9490096446708028,
           0.8990410245784599,
           0.8405609871147252,
           0.8522909190210771,
           -0.7222907528399782,
           -0.9612584130242595,
           0.942550211491967,
           1,
           -0.7056796806647724,
           -0.2490520089301972,
           -0.5845641357029205,
           0.9160441259558351,
           0.5429683469892964,
           -0.7511921680900338,
           -0.7963888043623418,
           0.8818381436388089,
           -0.09857509397262457,
           0.8710341515523734,
           0.7106835798629902,
           0.8027270644642012
          ],
          [
           -0.6031364762070018,
           -0.6558313584274251,
           -0.6946215032659298,
           -0.6319745509957204,
           0.5402122457373725,
           0.7085189503145926,
           -0.7849057139096826,
           -0.7056796806647724,
           1,
           0.0841910420209141,
           0.29033445321265217,
           -0.8143052608505659,
           -0.3412186110846044,
           0.7634447907480697,
           0.974557301269202,
           -0.828057968062942,
           0.5341634274663762,
           -0.644660684383831,
           -0.7813849439691807,
           -0.6695590394763323
          ],
          [
           -0.01998067368719479,
           -0.19660717671522943,
           0.15361982117963568,
           0.07389120369236878,
           0.22204021203205856,
           0.19013293186907268,
           -0.12680613935057727,
           -0.2490520089301972,
           0.0841910420209141,
           1,
           0.17813749944594845,
           -0.1815911400823458,
           -0.3307569352856648,
           -0.07746838504530497,
           0.22938968514003982,
           -0.009321984669113239,
           0.4592912758094369,
           0.029866380138101844,
           0.24177944008971003,
           0.06372389338474757
          ],
          [
           -0.49359096627246873,
           -0.4458242014742343,
           -0.3570439874125504,
           -0.2714798460993554,
           0.9015309431590417,
           0.7127332607784794,
           -0.5071955787883179,
           -0.5845641357029205,
           0.29033445321265217,
           0.17813749944594845,
           1,
           -0.5601286498590042,
           -0.5410768551579056,
           0.6705306341254169,
           0.3839110490394429,
           -0.3135455452815921,
           0.1592746438331396,
           -0.23986405885820633,
           -0.23428131071964323,
           -0.10955309691319835
          ],
          [
           0.8585782600345262,
           0.8977561170450936,
           0.8583644914261421,
           0.8654980792635015,
           -0.6619268279481187,
           -0.8712321132373333,
           0.8761102001225444,
           0.9160441259558351,
           -0.8143052608505659,
           -0.1815911400823458,
           -0.5601286498590042,
           1,
           0.4793293951152343,
           -0.7862266670787761,
           -0.8829156041561694,
           0.9129641804059621,
           -0.20522243929169787,
           0.8343726089876015,
           0.8611847711025353,
           0.8036363680712346
          ],
          [
           0.5061370327435835,
           0.6485088849446659,
           0.36185275156719493,
           0.3398602933202719,
           -0.6677150409553668,
           -0.6117960211857836,
           0.3119360511946594,
           0.5429683469892964,
           -0.3412186110846044,
           -0.3307569352856648,
           -0.5410768551579056,
           0.4793293951152343,
           1,
           -0.5854640821443307,
           -0.4942624639113421,
           0.27214150490428857,
           -0.09532977925755252,
           0.40799912820399875,
           0.2480854807214789,
           0.330719168005792
          ],
          [
           -0.703372916533774,
           -0.7337387017329984,
           -0.6719564704746656,
           -0.6119730088619653,
           0.7739225082125851,
           0.8545051643191746,
           -0.7087073771740565,
           -0.7511921680900338,
           0.7634447907480697,
           -0.07746838504530497,
           0.6705306341254169,
           -0.7862266670787761,
           -0.5854640821443307,
           1,
           0.7941681784923762,
           -0.6687185600484147,
           0.2634948224475006,
           -0.605272559889679,
           -0.6934059292778142,
           -0.5786209245235961
          ],
          [
           -0.6793159984708388,
           -0.7695899959737511,
           -0.7112277751634144,
           -0.6818978716487324,
           0.6255475458664637,
           0.7905761982285125,
           -0.8074706594156312,
           -0.7963888043623418,
           0.974557301269202,
           0.22938968514003982,
           0.3839110490394429,
           -0.8829156041561694,
           -0.4942624639113421,
           0.7941681784923762,
           1,
