{
 "cells": [
  {
   "cell_type": "code",
   "execution_count": 1,
   "metadata": {},
   "outputs": [],
   "source": [
    "import pandas as pd\n",
    "import plotly.express as px\n",
    "from plotly.offline import plot\n",
    "from plotly.utils import PlotlyJSONEncoder\n",
    "import json\n",
    "\n",
    "df_RPKM_filter = pd.read_csv('demo_RPKM.txt',sep='\\t').copy()"
   ]
  },
  {
   "cell_type": "code",
   "execution_count": 3,
   "metadata": {},
   "outputs": [
    {
     "data": {
      "application/vnd.plotly.v1+json": {
       "config": {
        "plotlyServerURL": "https://plot.ly"
       },
       "data": [
        {
         "coloraxis": "coloraxis",
         "hovertemplate": "x: %{x}<br>y: %{y}<br>color: %{z}<extra></extra>",
         "name": "0",
         "type": "heatmap",
         "x": [
          "M1",
          "M2",
          "M3",
          "M4",
          "M5",
          "M6",
          "M7",
          "M8",
          "M9",
          "M10"
         ],
         "xaxis": "x",
         "y": [
          "M1",
          "M2",
          "M3",
          "M4",
          "M5",
          "M6",
          "M7",
          "M8",
          "M9",
          "M10"
         ],
         "yaxis": "y",
         "z": [
          [
           1,
           0.4347291646491617,
           0.5959619497798089,
           0.7460973067088564,
           0.661574643138329,
           -0.4621798328211679,
           -0.7186108909951326,
           -0.6972358532431638,
           -0.7617989587116151,
           -0.5888985821585048
          ],
          [
           0.4347291646491617,
           1,
           0.623800557295729,
           0.5480410471993027,
           0.7449488644636876,
           -0.8321171865510081,
           -0.3998131589477731,
           -0.8176005022571623,
           -0.7098111340040181,
           -0.545476075164314
          ],
          [
           0.5959619497798089,
           0.623800557295729,
           1,
           0.5345049024186963,
           0.471260800654963,
           -0.5795800533649038,
           -0.39402118257243274,
           -0.5760073241423498,
           -0.8335640000433145,
           -0.7044192036634664
          ],
          [
           0.7460973067088564,
           0.5480410471993027,
           0.5345049024186963,
           1,
           0.7287500594842391,
           -0.7978411765113964,
           -0.828284522255145,
           -0.7443191388648558,
           -0.540631491916307,
           -0.5316693789211785
          ],
          [
           0.661574643138329,
           0.7449488644636876,
           0.471260800654963,
           0.7287500594842391,
           1,
           -0.8528005774149284,
           -0.6662364703825455,
           -0.9086275605617435,
           -0.7315992941850337,
           -0.33039741478282625
          ],
          [
           -0.4621798328211679,
           -0.8321171865510081,
           -0.5795800533649038,
           -0.7978411765113964,
           -0.8528005774149284,
           1,
           0.6344743962862586,
           0.8072605638800824,
           0.6078105777703038,
           0.4316995446378529
          ],
          [
           -0.7186108909951326,
           -0.3998131589477731,
           -0.39402118257243274,
           -0.828284522255145,
           -0.6662364703825455,
           0.6344743962862586,
           1,
           0.5066721421455673,
           0.49769182993763195,
           0.1981307733074433
          ],
          [
           -0.6972358532431638,
           -0.8176005022571623,
           -0.5760073241423498,
           -0.7443191388648558,
           -0.9086275605617435,
           0.8072605638800824,
           0.5066721421455673,
           1,
           0.7554455442583814,
           0.562106351433188
          ],
          [
           -0.7617989587116151,
           -0.7098111340040181,
           -0.8335640000433145,
           -0.540631491916307,
           -0.7315992941850337,
           0.6078105777703038,
           0.49769182993763195,
           0.7554455442583814,
           1,
           0.5097655433787117
          ],
          [
           -0.5888985821585048,
           -0.545476075164314,
           -0.7044192036634664,
           -0.5316693789211785,
           -0.33039741478282625,
           0.4316995446378529,
           0.1981307733074433,
           0.562106351433188,
           0.5097655433787117,
           1
          ]
         ]
        }
       ],
       "layout": {
        "coloraxis": {
         "cmax": 1,
         "cmin": -1,
         "colorscale": [
          [
           0,
           "rgb(103,0,31)"
          ],
          [
           0.1,
           "rgb(178,24,43)"
          ],
          [
           0.2,
           "rgb(214,96,77)"
          ],
          [
           0.3,
           "rgb(244,165,130)"
          ],
          [
           0.4,
           "rgb(253,219,199)"
          ],
          [
           0.5,
           "rgb(247,247,247)"
          ],
          [
           0.6,
           "rgb(209,229,240)"
          ],
          [
           0.7,
           "rgb(146,197,222)"
          ],
          [
           0.8,
           "rgb(67,147,195)"
          ],
          [
           0.9,
           "rgb(33,102,172)"
          ],
          [
           1,
           "rgb(5,48,97)"
          ]
         ]
        },
        "height": 600,
        "margin": {
         "t": 60
        },
        "template": {
         "data": {
          "bar": [
           {
            "error_x": {
             "color": "#2a3f5f"
            },
            "error_y": {
             "color": "#2a3f5f"
            },
            "marker": {
             "line": {
              "color": "#E5ECF6",
              "width": 0.5
             },
             "pattern": {
              "fillmode": "overlay",
              "size": 10,
              "solidity": 0.2
             }
            },
            "type": "bar"
           }
          ],
          "barpolar": [
           {
            "marker": {
             "line": {
              "color": "#E5ECF6",
              "width": 0.5
             },
             "pattern": {
              "fillmode": "overlay",
              "size": 10,
              "solidity": 0.2
             }
            },
            "type": "barpolar"
           }
          ],
          "carpet": [
           {
            "aaxis": {
             "endlinecolor": "#2a3f5f",
             "gridcolor": "white",
             "linecolor": "white",
             "minorgridcolor": "white",
             "startlinecolor": "#2a3f5f"
            },
            "baxis": {
             "endlinecolor": "#2a3f5f",
             "gridcolor": "white",
             "linecolor": "white",
             "minorgridcolor": "white",
             "startlinecolor": "#2a3f5f"
            },
            "type": "carpet"
           }
          ],
          "choropleth": [
           {
            "colorbar": {
             "outlinewidth": 0,
             "ticks": ""
            },
            "type": "choropleth"
           }
          ],
          "contour": [
           {
            "colorbar": {
             "outlinewidth": 0,
             "ticks": ""
            },
            "colorscale": [
             [
              0,
              "#0d0887"
             ],
             [
              0.1111111111111111,
              "#46039f"
             ],
             [
              0.2222222222222222,
              "#7201a8"
             ],
             [
              0.3333333333333333,
              "#9c179e"
             ],
             [
              0.4444444444444444,
              "#bd3786"
             ],
             [
              0.5555555555555556,
              "#d8576b"
             ],
             [
              0.6666666666666666,
              "#ed7953"
             ],
             [
              0.7777777777777778,
              "#fb9f3a"
             ],
             [
              0.8888888888888888,
              "#fdca26"
             ],
             [
              1,
              "#f0f921"
             ]
            ],
            "type": "contour"
           }
          ],
          "contourcarpet": [
           {
            "colorbar": {
             "outlinewidth": 0,
             "ticks": ""
            },
            "type": "contourcarpet"
           }
          ],
          "heatmap": [
           {
            "colorbar": {
             "outlinewidth": 0,
             "ticks": ""
            },
            "colorscale": [
             [
              0,
              "#0d0887"
             ],
             [
              0.1111111111111111,
              "#46039f"
             ],
             [
              0.2222222222222222,
              "#7201a8"
             ],
             [
              0.3333333333333333,
              "#9c179e"
             ],
             [
              0.4444444444444444,
              "#bd3786"
             ],
             [
              0.5555555555555556,
              "#d8576b"
             ],
             [
              0.6666666666666666,
              "#ed7953"
             ],
             [
              0.7777777777777778,
              "#fb9f3a"
             ],
             [
              0.8888888888888888,
              "#fdca26"
             ],
             [
              1,
              "#f0f921"
             ]
            ],
            "type": "heatmap"
           }
          ],
          "heatmapgl": [
           {
            "colorbar": {
             "outlinewidth": 0,
             "ticks": ""
            },
            "colorscale": [
             [
              0,
              "#0d0887"
             ],
             [
              0.1111111111111111,
              "#46039f"
             ],
             [
              0.2222222222222222,
              "#7201a8"
             ],
             [
              0.3333333333333333,
              "#9c179e"
             ],
             [
              0.4444444444444444,
              "#bd3786"
             ],
             [
              0.5555555555555556,
              "#d8576b"
             ],
             [
              0.6666666666666666,
              "#ed7953"
             ],
             [
              0.7777777777777778,
              "#fb9f3a"
             ],
             [
              0.8888888888888888,
              "#fdca26"
             ],
             [
              1,
              "#f0f921"
             ]
            ],
            "type": "heatmapgl"
           }
          ],
          "histogram": [
           {
            "marker": {
             "pattern": {
              "fillmode": "overlay",
              "size": 10,
              "solidity": 0.2
             }
            },
            "type": "histogram"
           }
          ],
          "histogram2d": [
           {
            "colorbar": {
             "outlinewidth": 0,
             "ticks": ""
            },
            "colorscale": [
             [
              0,
              "#0d0887"
             ],
             [
              0.1111111111111111,
              "#46039f"
             ],
             [
              0.2222222222222222,
              "#7201a8"
             ],
             [
              0.3333333333333333,
              "#9c179e"
             ],
             [
              0.4444444444444444,
              "#bd3786"
             ],
             [
              0.5555555555555556,
              "#d8576b"
             ],
             [
              0.6666666666666666,
              "#ed7953"
             ],
             [
              0.7777777777777778,
              "#fb9f3a"
             ],
             [
              0.8888888888888888,
              "#fdca26"
             ],
             [
              1,
              "#f0f921"
             ]
            ],
            "type": "histogram2d"
           }
          ],
          "histogram2dcontour": [
           {
            "colorbar": {
             "outlinewidth": 0,
             "ticks": ""
            },
            "colorscale": [
             [
              0,
              "#0d0887"
             ],
             [
              0.1111111111111111,
              "#46039f"
             ],
             [
              0.2222222222222222,
              "#7201a8"
             ],
             [
              0.3333333333333333,
              "#9c179e"
             ],
             [
              0.4444444444444444,
              "#bd3786"
             ],
             [
              0.5555555555555556,
              "#d8576b"
             ],
             [
              0.6666666666666666,
              "#ed7953"
             ],
             [
              0.7777777777777778,
              "#fb9f3a"
             ],
             [
              0.8888888888888888,
              "#fdca26"
             ],
             [
              1,
              "#f0f921"
             ]
            ],
            "type": "histogram2dcontour"
           }
          ],
          "mesh3d": [
           {
            "colorbar": {
             "outlinewidth": 0,
             "ticks": ""
            },
            "type": "mesh3d"
           }
          ],
          "parcoords": [
           {
            "line": {
             "colorbar": {
              "outlinewidth": 0,
              "ticks": ""
             }
            },
            "type": "parcoords"
           }
          ],
          "pie": [
           {
            "automargin": true,
            "type": "pie"
           }
          ],
          "scatter": [
           {
            "fillpattern": {
             "fillmode": "overlay",
             "size": 10,
             "solidity": 0.2
            },
            "type": "scatter"
           }
          ],
          "scatter3d": [
           {
            "line": {
             "colorbar": {
              "outlinewidth": 0,
              "ticks": ""
             }
            },
            "marker": {
             "colorbar": {
              "outlinewidth": 0,
              "ticks": ""
             }
            },
            "type": "scatter3d"
           }
          ],
          "scattercarpet": [
           {
            "marker": {
             "colorbar": {
              "outlinewidth": 0,
              "ticks": ""
             }
            },
            "type": "scattercarpet"
           }
          ],
          "scattergeo": [
           {
            "marker": {
             "colorbar": {
              "outlinewidth": 0,
              "ticks": ""
             }
            },
            "type": "scattergeo"
           }
          ],
          "scattergl": [
           {
            "marker": {
             "colorbar": {
              "outlinewidth": 0,
              "ticks": ""
             }
            },
            "type": "scattergl"
           }
          ],
          "scattermapbox": [
           {
            "marker": {
             "colorbar": {
              "outlinewidth": 0,
              "ticks": ""
             }
            },
            "type": "scattermapbox"
           }
          ],
          "scatterpolar": [
           {
            "marker": {
             "colorbar": {
              "outlinewidth": 0,
              "ticks": ""
             }
            },
            "type": "scatterpolar"
           }
          ],
          "scatterpolargl": [
           {
            "marker": {
             "colorbar": {
              "outlinewidth": 0,
              "ticks": ""
             }
            },
            "type": "scatterpolargl"
           }
          ],
          "scatterternary": [
           {
            "marker": {
             "colorbar": {
              "outlinewidth": 0,
              "ticks": ""
             }
            },
            "type": "scatterternary"
           }
          ],
          "surface": [
           {
            "colorbar": {
             "outlinewidth": 0,
             "ticks": ""
            },
            "colorscale": [
             [
              0,
              "#0d0887"
             ],
             [
              0.1111111111111111,
              "#46039f"
             ],
             [
              0.2222222222222222,
              "#7201a8"
             ],
             [
              0.3333333333333333,
              "#9c179e"
             ],
             [
              0.4444444444444444,
              "#bd3786"
             ],
             [
              0.5555555555555556,
              "#d8576b"
             ],
             [
              0.6666666666666666,
              "#ed7953"
             ],
             [
              0.7777777777777778,
              "#fb9f3a"
             ],
             [
              0.8888888888888888,
              "#fdca26"
             ],
             [
              1,
              "#f0f921"
             ]
            ],
            "type": "surface"
           }
          ],
          "table": [
           {
            "cells": {
             "fill": {
              "color": "#EBF0F8"
             },
             "line": {
              "color": "white"
             }
            },
            "header": {
             "fill": {
              "color": "#C8D4E3"
             },
             "line": {
              "color": "white"
             }
            },
            "type": "table"
           }
          ]
         },
         "layout": {
          "annotationdefaults": {
           "arrowcolor": "#2a3f5f",
           "arrowhead": 0,
           "arrowwidth": 1
          },
          "autotypenumbers": "strict",
          "coloraxis": {
           "colorbar": {
            "outlinewidth": 0,
            "ticks": ""
           }
          },
          "colorscale": {
           "diverging": [
            [
             0,
             "#8e0152"
            ],
            [
             0.1,
             "#c51b7d"
            ],
            [
             0.2,
             "#de77ae"
            ],
            [
             0.3,
             "#f1b6da"
            ],
            [
             0.4,
             "#fde0ef"
            ],
            [
             0.5,
             "#f7f7f7"
            ],
            [
             0.6,
             "#e6f5d0"
            ],
            [
             0.7,
             "#b8e186"
            ],
            [
             0.8,
             "#7fbc41"
            ],
            [
             0.9,
             "#4d9221"
            ],
            [
             1,
             "#276419"
            ]
           ],
           "sequential": [
            [
             0,
             "#0d0887"
            ],
            [
             0.1111111111111111,
             "#46039f"
            ],
            [
             0.2222222222222222,
             "#7201a8"
            ],
            [
             0.3333333333333333,
             "#9c179e"
            ],
            [
             0.4444444444444444,
             "#bd3786"
            ],
            [
             0.5555555555555556,
             "#d8576b"
            ],
            [
             0.6666666666666666,
             "#ed7953"
            ],
            [
             0.7777777777777778,
             "#fb9f3a"
            ],
            [
             0.8888888888888888,
             "#fdca26"
            ],
            [
             1,
             "#f0f921"
            ]
           ],
           "sequentialminus": [
            [
             0,
             "#0d0887"
            ],
            [
             0.1111111111111111,
             "#46039f"
            ],
            [
             0.2222222222222222,
             "#7201a8"
            ],
            [
             0.3333333333333333,
             "#9c179e"
            ],
            [
             0.4444444444444444,
             "#bd3786"
            ],
            [
             0.5555555555555556,
             "#d8576b"
            ],
            [
             0.6666666666666666,
             "#ed7953"
            ],
            [
             0.7777777777777778,
             "#fb9f3a"
            ],
            [
             0.8888888888888888,
             "#fdca26"
            ],
            [
             1,
             "#f0f921"
            ]
           ]
          },
          "colorway": [
           "#636efa",
           "#EF553B",
           "#00cc96",
           "#ab63fa",
           "#FFA15A",
           "#19d3f3",
           "#FF6692",
           "#B6E880",
           "#FF97FF",
           "#FECB52"
          ],
          "font": {
           "color": "#2a3f5f"
          },
          "geo": {
           "bgcolor": "white",
           "lakecolor": "white",
           "landcolor": "#E5ECF6",
           "showlakes": true,
           "showland": true,
           "subunitcolor": "white"
          },
          "hoverlabel": {
           "align": "left"
          },
          "hovermode": "closest",
          "mapbox": {
           "style": "light"
          },
          "paper_bgcolor": "white",
          "plot_bgcolor": "#E5ECF6",
          "polar": {
           "angularaxis": {
            "gridcolor": "white",
            "linecolor": "white",
            "ticks": ""
           },
           "bgcolor": "#E5ECF6",
           "radialaxis": {
            "gridcolor": "white",
            "linecolor": "white",
            "ticks": ""
           }
          },
          "scene": {
           "xaxis": {
            "backgroundcolor": "#E5ECF6",
            "gridcolor": "white",
            "gridwidth": 2,
            "linecolor": "white",
            "showbackground": true,
            "ticks": "",
            "zerolinecolor": "white"
           },
           "yaxis": {
            "backgroundcolor": "#E5ECF6",
            "gridcolor": "white",
            "gridwidth": 2,
            "linecolor": "white",
            "showbackground": true,
            "ticks": "",
            "zerolinecolor": "white"
           },
           "zaxis": {
            "backgroundcolor": "#E5ECF6",
            "gridcolor": "white",
            "gridwidth": 2,
            "linecolor": "white",
            "showbackground": true,
            "ticks": "",
            "zerolinecolor": "white"
           }
          },
          "shapedefaults": {
           "line": {
            "color": "#2a3f5f"
           }
          },
          "ternary": {
           "aaxis": {
            "gridcolor": "white",
            "linecolor": "white",
            "ticks": ""
           },
           "baxis": {
            "gridcolor": "white",
            "linecolor": "white",
            "ticks": ""
           },
           "bgcolor": "#E5ECF6",
           "caxis": {
            "gridcolor": "white",
            "linecolor": "white",
            "ticks": ""
           }
          },
          "title": {
           "x": 0.05
          },
          "xaxis": {
           "automargin": true,
           "gridcolor": "white",
           "linecolor": "white",
           "ticks": "",
           "title": {
            "standoff": 15
           },
           "zerolinecolor": "white",
           "zerolinewidth": 2
          },
          "yaxis": {
           "automargin": true,
           "gridcolor": "white",
           "linecolor": "white",
           "ticks": "",
           "title": {
            "standoff": 15
           },
           "zerolinecolor": "white",
           "zerolinewidth": 2
          }
         }
        },
        "width": 900,
        "xaxis": {
         "anchor": "y",
         "constrain": "domain",
         "domain": [
          0,
          1
         ],
         "scaleanchor": "y"
        },
        "yaxis": {
         "anchor": "x",
         "autorange": "reversed",
         "constrain": "domain",
         "domain": [
          0,
          1
         ]
        }
       }
      }
     },
     "metadata": {},
     "output_type": "display_data"
    }
   ],
   "source": [
    "def corrplot_sample(df, corlor,width=900, height=600):\n",
    "    \"\"\"根据输入的表达矩阵，绘制样本之间的相关性热图\n",
    "    Args:\n",
    "        df: 表达矩阵，行为基因，列为样本\n",
    "        corlor: 颜色方案\n",
    "    Returns:\n",
    "        fig: 相关性热图 \n",
    "    \n",
    "    \"\"\"\n",
    "    # 去掉第一列的样本名\n",
    "    df_filter = df.iloc[:, 1:]\n",
    "\n",
    "    # df_filter 保留两位小数\n",
    "    df_filter = df_filter.round(2)\n",
    "    \n",
    "    # 计算样本之间的相关性\n",
    "    correlation_matrix = df_filter.corr()\n",
    "\n",
    "    # 绘制相关性矩阵的热图\n",
    "    fig = px.imshow(correlation_matrix,\n",
    "                    color_continuous_scale=corlor,\n",
    "                    zmin=-1,  # 设置颜色比例尺的最小值\n",
    "                    zmax=1)  # 设置颜色比例尺的最大值\n",
    "\n",
    "    # 设置输出图的大小\n",
    "    fig.update_layout(width=width, height=height)\n",
    "\n",
    "    # 将fig转为json格式，返回json数据\n",
    "    # fig_json = json.dumps(fig, cls=PlotlyJSONEncoder)\n",
    "    # return fig_json\n",
    "\n",
    "    # 将fig转为html格式，返回html代码\n",
    "    # plot_html = plot(fig, output_type='div', include_plotlyjs=False)        \n",
    "    # return plot_html\n",
    "    \n",
    "    # 返回fig对象\n",
    "    return fig\n",
    "\n",
    "corrplot_sample(df_RPKM_filter, 'Rdbu', 900, 600)"
   ]
  },
  {
   "cell_type": "code",
   "execution_count": 4,
   "metadata": {},
   "outputs": [
    {
     "data": {
      "application/vnd.plotly.v1+json": {
       "config": {
        "plotlyServerURL": "https://plot.ly"
       },
       "data": [
        {
         "coloraxis": "coloraxis",
         "hovertemplate": "x: %{x}<br>y: %{y}<br>color: %{z}<extra></extra>",
         "name": "0",
         "type": "heatmap",
         "x": [
          "RGL4",
          "MPP7",
          "UGCG",
          "CYSTM1",
          "ANXA2",
          "ENDOD1",
          "ARHGAP24",
          "CST7",
          "HIST1H2BM",
          "EREG",
          "EMP1",
          "NFAM1",
          "SLC40A1",
          "CD52",
          "HIST1H2BH",
          "PFKFB3",
          "SNORD116-20",
          "STX11",
          "SYNE2",
          "TCN1"
         ],
         "xaxis": "x",
         "y": [
          "RGL4",
          "MPP7",
          "UGCG",
          "CYSTM1",
          "ANXA2",
          "ENDOD1",
          "ARHGAP24",
          "CST7",
          "HIST1H2BM",
          "EREG",
          "EMP1",
          "NFAM1",
          "SLC40A1",
          "CD52",
          "HIST1H2BH",
          "PFKFB3",
          "SNORD116-20",
          "STX11",
          "SYNE2",
          "TCN1"
         ],
         "yaxis": "y",
         "z": [
          [
           1,
           0.9141637387014139,
           0.9292385792188468,
           0.9364517072592097,
           -0.5908765097567992,
           -0.9075785775821869,
           0.8880111627408034,
           0.9490096446708028,
           -0.6031364762070018,
           -0.01998067368719479,
           -0.49359096627246873,
           0.8585782600345262,
           0.5061370327435835,
           -0.703372916533774,
           -0.6793159984708388,
           0.8895451880247074,
           0.18781467797276952,
           0.9525165436333403,
           0.7800704881670837,
           0.8896221408393827
          ],
          [
           0.9141637387014139,
           1,
           0.8517526047598869,
           0.9073350859348354,
           -0.5425135272619833,
           -0.8617681792448094,
           0.7626190088989627,
           0.8990410245784599,
           -0.6558313584274251,
           -0.19660717671522943,
           -0.4458242014742343,
           0.8977561170450936,
           0.6485088849446659,
           -0.7337387017329984,
           -0.7695899959737511,
           0.8410265130263331,
           0.047961780219593415,
           0.9143134887472184,
           0.7951469346707943,
           0.8876722069574243
          ],
          [
           0.9292385792188468,
           0.8517526047598869,
           1,
           0.9557060840179357,
           -0.43984874236352434,
           -0.7913357112931544,
           0.8542199877847299,
           0.8405609871147252,
           -0.6946215032659298,
           0.15361982117963568,
           -0.3570439874125504,
           0.8583644914261421,
           0.36185275156719493,
           -0.6719564704746656,
           -0.7112277751634144,
           0.9427662508048185,
           0.20088878477001168,
           0.951083270358923,
           0.9220881777589844,
           0.9274962014191472
          ],
          [
           0.9364517072592097,
           0.9073350859348354,
           0.9557060840179357,
           1,
           -0.35790284883129614,
           -0.7617833707366274,
           0.8120223435745721,
           0.8522909190210771,
           -0.6319745509957204,
           0.07389120369236878,
           -0.2714798460993554,
           0.8654980792635015,
           0.3398602933202719,
           -0.6119730088619653,
           -0.6818978716487324,
           0.9326118739692814,
           0.22435522780146855,
           0.9847469180399201,
           0.9079443435312465,
           0.9735170793842469
          ],
          [
           -0.5908765097567992,
           -0.5425135272619833,
           -0.43984874236352434,
           -0.35790284883129614,
           1,
           0.825320401287792,
           -0.6596279273828016,
           -0.7222907528399782,
           0.5402122457373725,
           0.22204021203205856,
           0.9015309431590417,
           -0.6619268279481187,
           -0.6677150409553668,
           0.7739225082125851,
           0.6255475458664637,
           -0.4615443048605608,
           0.3747396614113937,
           -0.37283319230973133,
           -0.32696775586957616,
           -0.24915254373448753
          ],
          [
           -0.9075785775821869,
           -0.8617681792448094,
           -0.7913357112931544,
           -0.7617833707366274,
           0.825320401287792,
           1,
           -0.9068460076111948,
           -0.9612584130242595,
           0.7085189503145926,
           0.19013293186907268,
           0.7127332607784794,
           -0.8712321132373333,
           -0.6117960211857836,
           0.8545051643191746,
           0.7905761982285125,
           -0.813520749916747,
           0.1413008372384106,
           -0.7866187551789402,
           -0.6571627319422484,
           -0.7084751076908753
          ],
          [
           0.8880111627408034,
           0.7626190088989627,
           0.8542199877847299,
           0.8120223435745721,
           -0.6596279273828016,
           -0.9068460076111948,
           1,
           0.942550211491967,
           -0.7849057139096826,
           -0.12680613935057727,
           -0.5071955787883179,
           0.8761102001225444,
           0.3119360511946594,
           -0.7087073771740565,
           -0.8074706594156312,
           0.9283857063210372,
           -0.1684678623021195,
           0.8272589380151255,
           0.7388508703127051,
           0.772980138664478
          ],
          [
           0.9490096446708028,
           0.8990410245784599,
           0.8405609871147252,
           0.8522909190210771,
           -0.7222907528399782,
           -0.9612584130242595,
           0.942550211491967,
           1,
           -0.7056796806647724,
           -0.2490520089301972,
           -0.5845641357029205,
           0.9160441259558351,
           0.5429683469892964,
           -0.7511921680900338,
           -0.7963888043623418,
           0.8818381436388089,
           -0.09857509397262457,
           0.8710341515523734,
           0.7106835798629902,
           0.8027270644642012
          ],
          [
           -0.6031364762070018,
           -0.6558313584274251,
           -0.6946215032659298,
           -0.6319745509957204,
           0.5402122457373725,
           0.7085189503145926,
           -0.7849057139096826,
           -0.7056796806647724,
           1,
           0.0841910420209141,
           0.29033445321265217,
           -0.8143052608505659,
           -0.3412186110846044,
           0.7634447907480697,
           0.974557301269202,
           -0.828057968062942,
           0.5341634274663762,
           -0.644660684383831,
           -0.7813849439691807,
           -0.6695590394763323
          ],
          [
           -0.01998067368719479,
           -0.19660717671522943,
           0.15361982117963568,
           0.07389120369236878,
           0.22204021203205856,
           0.19013293186907268,
           -0.12680613935057727,
           -0.2490520089301972,
           0.0841910420209141,
           1,
           0.17813749944594845,
           -0.1815911400823458,
           -0.3307569352856648,
           -0.07746838504530497,
           0.22938968514003982,
           -0.009321984669113239,
           0.4592912758094369,
           0.029866380138101844,
           0.24177944008971003,
           0.06372389338474757
          ],
          [
           -0.49359096627246873,
           -0.4458242014742343,
           -0.3570439874125504,
           -0.2714798460993554,
           0.9015309431590417,
           0.7127332607784794,
           -0.5071955787883179,
           -0.5845641357029205,
           0.29033445321265217,
           0.17813749944594845,
           1,
           -0.5601286498590042,
           -0.5410768551579056,
           0.6705306341254169,
           0.3839110490394429,
           -0.3135455452815921,
           0.1592746438331396,
           -0.23986405885820633,
           -0.23428131071964323,
           -0.10955309691319835
          ],
          [
           0.8585782600345262,
           0.8977561170450936,
           0.8583644914261421,
           0.8654980792635015,
           -0.6619268279481187,
           -0.8712321132373333,
           0.8761102001225444,
           0.9160441259558351,
           -0.8143052608505659,
           -0.1815911400823458,
           -0.5601286498590042,
           1,
           0.4793293951152343,
           -0.7862266670787761,
           -0.8829156041561694,
           0.9129641804059621,
           -0.20522243929169787,
           0.8343726089876015,
           0.8611847711025353,
           0.8036363680712346
          ],
          [
           0.5061370327435835,
           0.6485088849446659,
           0.36185275156719493,
           0.3398602933202719,
           -0.6677150409553668,
           -0.6117960211857836,
           0.3119360511946594,
           0.5429683469892964,
           -0.3412186110846044,
           -0.3307569352856648,
           -0.5410768551579056,
           0.4793293951152343,
           1,
           -0.5854640821443307,
           -0.4942624639113421,
           0.27214150490428857,
           -0.09532977925755252,
           0.40799912820399875,
           0.2480854807214789,
           0.330719168005792
          ],
          [
           -0.703372916533774,
           -0.7337387017329984,
           -0.6719564704746656,
           -0.6119730088619653,
           0.7739225082125851,
           0.8545051643191746,
           -0.7087073771740565,
           -0.7511921680900338,
           0.7634447907480697,
           -0.07746838504530497,
           0.6705306341254169,
           -0.7862266670787761,
           -0.5854640821443307,
           1,
           0.7941681784923762,
           -0.6687185600484147,
           0.2634948224475006,
           -0.605272559889679,
           -0.6934059292778142,
           -0.5786209245235961
          ],
          [
           -0.6793159984708388,
           -0.7695899959737511,
           -0.7112277751634144,
           -0.6818978716487324,
           0.6255475458664637,
           0.7905761982285125,
           -0.8074706594156312,
           -0.7963888043623418,
           0.974557301269202,
           0.22938968514003982,
           0.3839110490394429,
           -0.8829156041561694,
           -0.4942624639113421,
           0.7941681784923762,
           1,
           -0.8392812229931218,
           0.5181014502998251,
           -0.6982686026895272,
           -0.768783093223627,
           -0.7040783012168824
          ],
          [
           0.8895451880247074,
           0.8410265130263331,
           0.9427662508048185,
           0.9326118739692814,
           -0.4615443048605608,
           -0.813520749916747,
           0.9283857063210372,
           0.8818381436388089,
           -0.828057968062942,
           -0.009321984669113239,
           -0.3135455452815921,
           0.9129641804059621,
           0.27214150490428857,
           -0.6687185600484147,
           -0.8392812229931218,
           1,
           -0.06409324849253924,
           0.9281721098441191,
           0.9119727162216175,
           0.9195780686686436
          ],
          [
           0.18781467797276952,
           0.047961780219593415,
           0.20088878477001168,
           0.22435522780146855,
           0.3747396614113937,
           0.1413008372384106,
           -0.1684678623021195,
           -0.09857509397262457,
           0.5341634274663762,
           0.4592912758094369,
           0.1592746438331396,
           -0.20522243929169787,
           -0.09532977925755252,
           0.2634948224475006,
           0.5181014502998251,
           -0.06409324849253924,
           1,
           0.21273042750474885,
           0.03945023166955588,
           0.1901823649821641
          ],
          [
           0.9525165436333403,
           0.9143134887472184,
           0.951083270358923,
           0.9847469180399201,
           -0.37283319230973133,
           -0.7866187551789402,
           0.8272589380151255,
           0.8710341515523734,
           -0.644660684383831,
           0.029866380138101844,
           -0.23986405885820633,
           0.8343726089876015,
           0.40799912820399875,
           -0.605272559889679,
           -0.6982686026895272,
           0.9281721098441191,
           0.21273042750474885,
           1,
           0.8647526640787894,
           0.9831092932197482
          ],
          [
           0.7800704881670837,
           0.7951469346707943,
           0.9220881777589844,
           0.9079443435312465,
           -0.32696775586957616,
           -0.6571627319422484,
           0.7388508703127051,
           0.7106835798629902,
           -0.7813849439691807,
           0.24177944008971003,
           -0.23428131071964323,
           0.8611847711025353,
           0.2480854807214789,
           -0.6934059292778142,
           -0.768783093223627,
           0.9119727162216175,
           0.03945023166955588,
           0.8647526640787894,
           1,
           0.8939223868595779
          ],
          [
           0.8896221408393827,
           0.8876722069574243,
           0.9274962014191472,
           0.9735170793842469,
           -0.24915254373448753,
           -0.7084751076908753,
           0.772980138664478,
           0.8027270644642012,
           -0.6695590394763323,
           0.06372389338474757,
           -0.10955309691319835,
           0.8036363680712346,
           0.330719168005792,
           -0.5786209245235961,
           -0.7040783012168824,
           0.9195780686686436,
           0.1901823649821641,
           0.9831092932197482,
           0.8939223868595779,
           1
          ]
         ]
        }
       ],
       "layout": {
        "coloraxis": {
         "cmax": 1,
         "cmin": -1,
         "colorscale": [
          [
           0,
           "rgb(103,0,31)"
          ],
          [
           0.1,
           "rgb(178,24,43)"
          ],
          [
           0.2,
           "rgb(214,96,77)"
          ],
          [
           0.3,
           "rgb(244,165,130)"
          ],
          [
           0.4,
           "rgb(253,219,199)"
          ],
          [
           0.5,
           "rgb(247,247,247)"
          ],
          [
           0.6,
           "rgb(209,229,240)"
          ],
          [
