{
 "cells": [
  {
   "cell_type": "code",
   "execution_count": 1,
   "metadata": {},
   "outputs": [],
   "source": [
    "import pandas as pd\n",
    "import plotly.express as px\n",
    "from plotly.offline import plot\n",
    "from plotly.utils import PlotlyJSONEncoder\n",
    "import json\n",
    "\n",
    "df_RPKM_filter = pd.read_csv('demo_RPKM_1.txt',sep='\\t').copy()"
   ]
  },
  {
   "cell_type": "code",
   "execution_count": 6,
   "metadata": {},
   "outputs": [
    {
     "data": {
      "application/vnd.plotly.v1+json": {
       "config": {
        "plotlyServerURL": "https://plot.ly"
       },
       "data": [
        {
         "coloraxis": "coloraxis",
         "hovertemplate": "x: %{x}<br>y: %{y}<br>color: %{z}<extra></extra>",
         "name": "0",
         "type": "heatmap",
         "x": [
          "M1",
          "M2",
          "M3",
          "M4",
          "M5",
          "M6",
          "M7",
          "M8",
          "M9",
          "M10"
         ],
         "xaxis": "x",
         "y": [
          "M1",
          "M2",
          "M3",
          "M4",
          "M5",
          "M6",
          "M7",
          "M8",
          "M9",
          "M10"
         ],
         "yaxis": "y",
         "z": [
          [
           1,
           0.42655643058132864,
           0.5606905120088703,
           0.7770896599282253,
           0.7592802953087678,
           -0.49723658437133356,
           -0.7644119027189135,
           -0.7395638183381869,
           -0.8011817623486435,
           -0.5516469364313394
          ],
          [
           0.42655643058132864,
           1,
           0.6307829315534197,
           0.594485917570119,
           0.6926297955065958,
           -0.8409895580160502,
           -0.4553830864142491,
           -0.7713994044543733,
           -0.6289444387906401,
           -0.6667656413032537
          ],
          [
           0.5606905120088703,
           0.6307829315534197,
           1,
           0.4956054239281537,
           0.5080838610165073,
           -0.5821071138672307,
           -0.41361081753716633,
           -0.5696533937876284,
           -0.8832147441518966,
           -0.6594498692902997
          ],
          [
           0.7770896599282253,
           0.594485917570119,
           0.4956054239281537,
           1,
           0.8217705975627725,
           -0.8184396048127296,
           -0.8750045539513479,
           -0.7930525328393307,
           -0.5780248844128486,
           -0.5203026885946174
          ],
          [
           0.7592802953087678,
           0.6926297955065958,
           0.5080838610165073,
           0.8217705975627725,
           1,
           -0.8518385195941178,
           -0.7406884295571196,
           -0.9117093409385172,
           -0.691158882781033,
           -0.5014958499117329
          ],
          [
           -0.49723658437133356,
           -0.8409895580160502,
           -0.5821071138672307,
           -0.8184396048127296,
           -0.8518385195941178,
           1,
           0.6832343597471309,
           0.7915213301410893,
           0.5722379495710858,
           0.5207176760415456
          ],
          [
           -0.7644119027189135,
           -0.4553830864142491,
           -0.41361081753716633,
           -0.8750045539513479,
           -0.7406884295571196,
           0.6832343597471309,
           1,
           0.5714784471439168,
           0.5410131790385211,
           0.244254719945071
          ],
          [
           -0.7395638183381869,
           -0.7713994044543733,
           -0.5696533937876284,
           -0.7930525328393307,
           -0.9117093409385172,
           0.7915213301410893,
           0.5714784471439168,
           1,
           0.7090174374922674,
           0.6743186649102854
          ],
          [
           -0.8011817623486435,
           -0.6289444387906401,
           -0.8832147441518966,
           -0.5780248844128486,
           -0.691158882781033,
           0.5722379495710858,
           0.5410131790385211,
           0.7090174374922674,
           1,
           0.6044521109348707
          ],
          [
           -0.5516469364313394,
           -0.6667656413032537,
           -0.6594498692902997,
           -0.5203026885946174,
           -0.5014958499117329,
           0.5207176760415456,
           0.244254719945071,
           0.6743186649102854,
           0.6044521109348707,
           1
          ]
         ]
        }
       ],
       "layout": {
        "coloraxis": {
         "cmax": 1,
         "cmin": -1,
         "colorscale": [
          [
           0,
           "rgb(103,0,31)"
          ],
          [
           0.1,
           "rgb(178,24,43)"
          ],
          [
           0.2,
           "rgb(214,96,77)"
          ],
          [
           0.3,
           "rgb(244,165,130)"
          ],
          [
           0.4,
           "rgb(253,219,199)"
          ],
          [
           0.5,
           "rgb(247,247,247)"
          ],
          [
           0.6,
           "rgb(209,229,240)"
          ],
          [
           0.7,
           "rgb(146,197,222)"
          ],
          [
           0.8,
           "rgb(67,147,195)"
          ],
          [
           0.9,
           "rgb(33,102,172)"
          ],
          [
           1,
           "rgb(5,48,97)"
          ]
         ]
        },
        "height": 600,
        "margin": {
         "t": 60
        },
        "template": {
         "data": {
          "bar": [
           {
            "error_x": {
             "color": "#2a3f5f"
            },
            "error_y": {
             "color": "#2a3f5f"
            },
            "marker": {
             "line": {
              "color": "#E5ECF6",
              "width": 0.5
             },
             "pattern": {
              "fillmode": "overlay",
              "size": 10,
              "solidity": 0.2
             }
            },
            "type": "bar"
           }
          ],
          "barpolar": [
           {
            "marker": {
             "line": {
              "color": "#E5ECF6",
              "width": 0.5
             },
             "pattern": {
              "fillmode": "overlay",
              "size": 10,
              "solidity": 0.2
             }
            },
            "type": "barpolar"
           }
          ],
          "carpet": [
           {
            "aaxis": {
             "endlinecolor": "#2a3f5f",
             "gridcolor": "white",
             "linecolor": "white",
             "minorgridcolor": "white",
             "startlinecolor": "#2a3f5f"
            },
            "baxis": {
             "endlinecolor": "#2a3f5f",
             "gridcolor": "white",
             "linecolor": "white",
             "minorgridcolor": "white",
             "startlinecolor": "#2a3f5f"
            },
            "type": "carpet"
           }
          ],
          "choropleth": [
           {
            "colorbar": {
             "outlinewidth": 0,
             "ticks": ""
            },
            "type": "choropleth"
           }
          ],
          "contour": [
           {
            "colorbar": {
             "outlinewidth": 0,
             "ticks": ""
            },
            "colorscale": [
             [
              0,
              "#0d0887"
             ],
             [
              0.1111111111111111,
              "#46039f"
             ],
             [
              0.2222222222222222,
              "#7201a8"
             ],
             [
              0.3333333333333333,
              "#9c179e"
             ],
             [
              0.4444444444444444,
              "#bd3786"
             ],
             [
              0.5555555555555556,
              "#d8576b"
             ],
             [
              0.6666666666666666,
              "#ed7953"
             ],
             [
              0.7777777777777778,
              "#fb9f3a"
             ],
             [
              0.8888888888888888,
              "#fdca26"
             ],
             [
              1,
              "#f0f921"
             ]
            ],
            "type": "contour"
           }
          ],
          "contourcarpet": [
           {
            "colorbar": {
             "outlinewidth": 0,
             "ticks": ""
            },
            "type": "contourcarpet"
           }
          ],
          "heatmap": [
           {
            "colorbar": {
             "outlinewidth": 0,
             "ticks": ""
            },
            "colorscale": [
             [
              0,
              "#0d0887"
             ],
             [
              0.1111111111111111,
              "#46039f"
             ],
             [
              0.2222222222222222,
              "#7201a8"
             ],
             [
              0.3333333333333333,
              "#9c179e"
             ],
             [
              0.4444444444444444,
              "#bd3786"
             ],
             [
              0.5555555555555556,
              "#d8576b"
             ],
             [
              0.6666666666666666,
              "#ed7953"
             ],
             [
              0.7777777777777778,
              "#fb9f3a"
             ],
             [
              0.8888888888888888,
              "#fdca26"
             ],
             [
              1,
              "#f0f921"
             ]
            ],
            "type": "heatmap"
           }
          ],
          "heatmapgl": [
           {
            "colorbar": {
             "outlinewidth": 0,
             "ticks": ""
            },
            "colorscale": [
             [
              0,
              "#0d0887"
             ],
             [
              0.1111111111111111,
              "#46039f"
             ],
             [
              0.2222222222222222,
              "#7201a8"
             ],
             [
              0.3333333333333333,
              "#9c179e"
             ],
             [
              0.4444444444444444,
              "#bd3786"
             ],
             [
              0.5555555555555556,
              "#d8576b"
             ],
             [
              0.6666666666666666,
              "#ed7953"
             ],
             [
              0.7777777777777778,
              "#fb9f3a"
             ],
             [
              0.8888888888888888,
              "#fdca26"
             ],
             [
              1,
              "#f0f921"
             ]
            ],
            "type": "heatmapgl"
           }
          ],
          "histogram": [
           {
            "marker": {
             "pattern": {
              "fillmode": "overlay",
              "size": 10,
              "solidity": 0.2
             }
            },
            "type": "histogram"
           }
          ],
          "histogram2d": [
           {
            "colorbar": {
             "outlinewidth": 0,
             "ticks": ""
            },
            "colorscale": [
             [
              0,
              "#0d0887"
             ],
             [
              0.1111111111111111,
              "#46039f"
             ],
             [
              0.2222222222222222,
              "#7201a8"
             ],
             [
              0.3333333333333333,
              "#9c179e"
             ],
             [
              0.4444444444444444,
              "#bd3786"
             ],
             [
              0.5555555555555556,
              "#d8576b"
             ],
             [
              0.6666666666666666,
              "#ed7953"
             ],
             [
              0.7777777777777778,
              "#fb9f3a"
             ],
             [
              0.8888888888888888,
              "#fdca26"
             ],
             [
              1,
              "#f0f921"
             ]
            ],
            "type": "histogram2d"
           }
          ],
          "histogram2dcontour": [
           {
            "colorbar": {
             "outlinewidth": 0,
             "ticks": ""
            },
            "colorscale": [
             [
              0,
              "#0d0887"
             ],
             [
              0.1111111111111111,
              "#46039f"
             ],
             [
              0.2222222222222222,
              "#7201a8"
             ],
             [
              0.3333333333333333,
              "#9c179e"
             ],
             [
              0.4444444444444444,
              "#bd3786"
             ],
             [
              0.5555555555555556,
              "#d8576b"
             ],
             [
              0.6666666666666666,
              "#ed7953"
             ],
             [
              0.7777777777777778,
              "#fb9f3a"
             ],
             [
              0.8888888888888888,
              "#fdca26"
             ],
             [
              1,
              "#f0f921"
             ]
            ],
            "type": "histogram2dcontour"
           }
          ],
          "mesh3d": [
           {
            "colorbar": {
             "outlinewidth": 0,
             "ticks": ""
            },
            "type": "mesh3d"
           }
          ],
          "parcoords": [
           {
            "line": {
             "colorbar": {
              "outlinewidth": 0,
              "ticks": ""
             }
            },
            "type": "parcoords"
           }
          ],
          "pie": [
           {
            "automargin": true,
            "type": "pie"
           }
          ],
          "scatter": [
           {
            "fillpattern": {
             "fillmode": "overlay",
             "size": 10,
             "solidity": 0.2
            },
            "type": "scatter"
           }
          ],
          "scatter3d": [
           {
            "line": {
             "colorbar": {
              "outlinewidth": 0,
              "ticks": ""
             }
            },
            "marker": {
             "colorbar": {
              "outlinewidth": 0,
              "ticks": ""
             }
            },
            "type": "scatter3d"
           }
          ],
          "scattercarpet": [
           {
            "marker": {
             "colorbar": {
              "outlinewidth": 0,
              "ticks": ""
             }
            },
            "type": "scattercarpet"
           }
          ],
          "scattergeo": [
           {
            "marker": {
             "colorbar": {
              "outlinewidth": 0,
              "ticks": ""
             }
            },
            "type": "scattergeo"
           }
          ],
          "scattergl": [
           {
            "marker": {
             "colorbar": {
              "outlinewidth": 0,
              "ticks": ""
             }
            },
            "type": "scattergl"
           }
          ],
          "scattermapbox": [
           {
            "marker": {
             "colorbar": {
              "outlinewidth": 0,
              "ticks": ""
             }
            },
            "type": "scattermapbox"
           }
          ],
          "scatterpolar": [
           {
            "marker": {
             "colorbar": {
              "outlinewidth": 0,
              "ticks": ""
             }
            },
            "type": "scatterpolar"
           }
          ],
          "scatterpolargl": [
           {
            "marker": {
             "colorbar": {
              "outlinewidth": 0,
              "ticks": ""
             }
            },
            "type": "scatterpolargl"
           }
          ],
          "scatterternary": [
           {
            "marker": {
             "colorbar": {
              "outlinewidth": 0,
              "ticks": ""
             }
            },
            "type": "scatterternary"
           }
          ],
          "surface": [
           {
            "colorbar": {
             "outlinewidth": 0,
             "ticks": ""
            },
            "colorscale": [
             [
              0,
              "#0d0887"
             ],
             [
              0.1111111111111111,
              "#46039f"
             ],
             [
              0.2222222222222222,
              "#7201a8"
             ],
             [
              0.3333333333333333,
              "#9c179e"
             ],
             [
              0.4444444444444444,
              "#bd3786"
             ],
             [
              0.5555555555555556,
              "#d8576b"
             ],
             [
              0.6666666666666666,
              "#ed7953"
             ],
             [
              0.7777777777777778,
              "#fb9f3a"
             ],
             [
              0.8888888888888888,
              "#fdca26"
             ],
             [
              1,
              "#f0f921"
             ]
            ],
            "type": "surface"
           }
          ],
          "table": [
           {
            "cells": {
             "fill": {
              "color": "#EBF0F8"
             },
             "line": {
              "color": "white"
             }
            },
            "header": {
             "fill": {
              "color": "#C8D4E3"
             },
             "line": {
              "color": "white"
             }
            },
            "type": "table"
           }
          ]
         },
         "layout": {
          "annotationdefaults": {
           "arrowcolor": "#2a3f5f",
           "arrowhead": 0,
           "arrowwidth": 1
          },
          "autotypenumbers": "strict",
          "coloraxis": {
           "colorbar": {
            "outlinewidth": 0,
            "ticks": ""
           }
          },
          "colorscale": {
           "diverging": [
            [
             0,
             "#8e0152"
            ],
            [
             0.1,
             "#c51b7d"
            ],
            [
             0.2,
             "#de77ae"
            ],
            [
             0.3,
             "#f1b6da"
            ],
            [
             0.4,
             "#fde0ef"
            ],
            [
             0.5,
             "#f7f7f7"
            ],
            [
             0.6,
             "#e6f5d0"
            ],
            [
             0.7,
             "#b8e186"
            ],
            [
             0.8,
             "#7fbc41"
            ],
            [
             0.9,
             "#4d9221"
            ],
            [
             1,
             "#276419"
            ]
           ],
           "sequential": [
            [
             0,
             "#0d0887"
            ],
            [
             0.1111111111111111,
             "#46039f"
            ],
            [
             0.2222222222222222,
             "#7201a8"
            ],
            [
             0.3333333333333333,
             "#9c179e"
            ],
            [
             0.4444444444444444,
             "#bd3786"
            ],
            [
             0.5555555555555556,
             "#d8576b"
            ],
            [
             0.6666666666666666,
             "#ed7953"
            ],
            [
             0.7777777777777778,
             "#fb9f3a"
            ],
            [
             0.8888888888888888,
             "#fdca26"
            ],
            [
             1,
             "#f0f921"
            ]
           ],
           "sequentialminus": [
            [
             0,
             "#0d0887"
            ],
            [
             0.1111111111111111,
             "#46039f"
            ],
            [
             0.2222222222222222,
             "#7201a8"
            ],
            [
             0.3333333333333333,
             "#9c179e"
            ],
            [
             0.4444444444444444,
             "#bd3786"
            ],
            [
             0.5555555555555556,
             "#d8576b"
            ],
            [
             0.6666666666666666,
             "#ed7953"
            ],
            [
             0.7777777777777778,
             "#fb9f3a"
            ],
            [
             0.8888888888888888,
             "#fdca26"
            ],
            [
             1,
             "#f0f921"
            ]
           ]
          },
          "colorway": [
           "#636efa",
           "#EF553B",
           "#00cc96",
           "#ab63fa",
           "#FFA15A",
           "#19d3f3",
           "#FF6692",
           "#B6E880",
           "#FF97FF",
           "#FECB52"
          ],
          "font": {
           "color": "#2a3f5f"
          },
          "geo": {
           "bgcolor": "white",
           "lakecolor": "white",
           "landcolor": "#E5ECF6",
           "showlakes": true,
           "showland": true,
           "subunitcolor": "white"
          },
          "hoverlabel": {
           "align": "left"
          },
          "hovermode": "closest",
          "mapbox": {
           "style": "light"
          },
          "paper_bgcolor": "white",
          "plot_bgcolor": "#E5ECF6",
          "polar": {
           "angularaxis": {
            "gridcolor": "white",
            "linecolor": "white",
            "ticks": ""
           },
           "bgcolor": "#E5ECF6",
           "radialaxis": {
            "gridcolor": "white",
            "linecolor": "white",
            "ticks": ""
           }
          },
          "scene": {
           "xaxis": {
            "backgroundcolor": "#E5ECF6",
            "gridcolor": "white",
            "gridwidth": 2,
            "linecolor": "white",
            "showbackground": true,
            "ticks": "",
            "zerolinecolor": "white"
           },
           "yaxis": {
            "backgroundcolor": "#E5ECF6",
            "gridcolor": "white",
            "gridwidth": 2,
            "linecolor": "white",
            "showbackground": true,
            "ticks": "",
            "zerolinecolor": "white"
           },
           "zaxis": {
            "backgroundcolor": "#E5ECF6",
            "gridcolor": "white",
            "gridwidth": 2,
            "linecolor": "white",
            "showbackground": true,
            "ticks": "",
            "zerolinecolor": "white"
           }
          },
          "shapedefaults": {
           "line": {
            "color": "#2a3f5f"
           }
          },
          "ternary": {
           "aaxis": {
            "gridcolor": "white",
            "linecolor": "white",
            "ticks": ""
           },
           "baxis": {
            "gridcolor": "white",
            "linecolor": "white",
            "ticks": ""
           },
           "bgcolor": "#E5ECF6",
           "caxis": {
            "gridcolor": "white",
            "linecolor": "white",
            "ticks": ""
           }
          },
          "title": {
           "x": 0.05
          },
          "xaxis": {
           "automargin": true,
           "gridcolor": "white",
           "linecolor": "white",
           "ticks": "",
           "title": {
            "standoff": 15
           },
           "zerolinecolor": "white",
           "zerolinewidth": 2
          },
          "yaxis": {
           "automargin": true,
           "gridcolor": "white",
           "linecolor": "white",
           "ticks": "",
           "title": {
            "standoff": 15
           },
           "zerolinecolor": "white",
           "zerolinewidth": 2
          }
         }
        },
        "width": 900,
        "xaxis": {
         "anchor": "y",
         "constrain": "domain",
         "domain": [
          0,
          1
         ],
         "scaleanchor": "y"
        },
        "yaxis": {
         "anchor": "x",
         "autorange": "reversed",
         "constrain": "domain",
         "domain": [
          0,
          1
         ]
        }
       }
      }
     },
     "metadata": {},
     "output_type": "display_data"
    }
   ],
   "source": [
    "def corrplot_sample(df, corlor,width=900, height=600):\n",
    "    \"\"\"根据输入的表达矩阵，绘制样本之间的相关性热图\n",
    "    Args:\n",
    "        df: 表达矩阵，行为基因，列为样本\n",
    "        corlor: 颜色方案\n",
    "    Returns:\n",
    "        fig: 相关性热图 \n",
    "    \n",
    "    \"\"\"\n",
    "    # 去掉第一列的样本名\n",
    "    df_filter = df.iloc[:, 1:]\n",
    "\n",
    "    # df_filter 保留两位小数\n",
    "    df_filter = df_filter.round(2)\n",
    "    \n",
    "    # 计算样本之间的相关性\n",
    "    correlation_matrix = df_filter.corr()\n",
    "\n",
    "    # 绘制相关性矩阵的热图\n",
    "    fig = px.imshow(correlation_matrix,\n",
    "                    color_continuous_scale=corlor,\n",
    "                    zmin=-1,  # 设置颜色比例尺的最小值\n",
    "                    zmax=1)  # 设置颜色比例尺的最大值\n",
    "\n",
    "    # 设置输出图的大小\n",
    "    fig.update_layout(width=width, height=height)\n",
    "\n",
    "    # 将fig转为json格式，返回json数据\n",
    "    # fig_json = json.dumps(fig, cls=PlotlyJSONEncoder)\n",
    "    # return fig_json\n",
    "\n",
    "    # 将fig转为html格式，返回html代码\n",
    "    # plot_html = plot(fig, output_type='div', include_plotlyjs=False)        \n",
    "    # return plot_html\n",
    "    \n",
    "    # 返回fig对象\n",
    "    return fig\n",
    "\n",
    "corrplot_sample(df_RPKM_filter, 'Rdbu', 900, 600)"
   ]
  },
  {
   "cell_type": "code",
   "execution_count": 5,
   "metadata": {},
   "outputs": [
    {
     "data": {
      "application/vnd.plotly.v1+json": {
       "config": {
        "plotlyServerURL": "https://plot.ly"
       },
       "data": [
        {
         "coloraxis": "coloraxis",
         "hovertemplate": "x: %{x}<br>y: %{y}<br>color: %{z}<extra></extra>",
         "name": "0",
         "type": "heatmap",
         "x": [
          "Gene1",
          "Gene2",
          "Gene3",
          "Gene4",
          "Gene5",
          "Gene6",
          "Gene7",
          "Gene8",
          "Gene9",
          "Gene10",
          "Gene11",
          "Gene12",
          "Gene13",
          "Gene14",
          "Gene15"
         ],
         "xaxis": "x",
         "y": [
          "Gene1",
          "Gene2",
          "Gene3",
          "Gene4",
          "Gene5",
          "Gene6",
          "Gene7",
          "Gene8",
          "Gene9",
          "Gene10",
          "Gene11",
          "Gene12",
          "Gene13",
          "Gene14",
          "Gene15"
         ],
         "yaxis": "y",
         "z": [
          [
           1,
           0.9141637387014139,
           0.9292385792188468,
           0.9364517072592097,
           -0.5908765097567992,
           -0.9075785775821869,
           0.8880111627408034,
           0.9490096446708028,
           -0.6031364762070018,
           -0.01998067368719479,
           -0.49359096627246873,
           0.8585782600345262,
           0.5061370327435835,
           -0.703372916533774,
           -0.6793159984708388
          ],
          [
           0.9141637387014139,
           1,
           0.8517526047598869,
           0.9073350859348354,
           -0.5425135272619833,
           -0.8617681792448094,
           0.7626190088989627,
           0.8990410245784599,
           -0.6558313584274251,
           -0.19660717671522943,
           -0.4458242014742343,
           0.8977561170450936,
           0.6485088849446659,
           -0.7337387017329984,
           -0.7695899959737511
          ],
          [
           0.9292385792188468,
           0.8517526047598869,
           1,
           0.9557060840179357,
           -0.43984874236352434,
           -0.7913357112931544,
           0.8542199877847299,
           0.8405609871147252,
           -0.6946215032659298,
           0.15361982117963568,
           -0.3570439874125504,
           0.8583644914261421,
           0.36185275156719493,
           -0.6719564704746656,
           -0.7112277751634144
          ],
          [
           0.9364517072592097,
           0.9073350859348354,
           0.9557060840179357,
           1,
           -0.35790284883129614,
           -0.7617833707366274,
           0.8120223435745721,
           0.8522909190210771,
           -0.6319745509957204,
           0.07389120369236878,
           -0.2714798460993554,
           0.8654980792635015,
           0.3398602933202719,
           -0.6119730088619653,
           -0.6818978716487324
          ],
          [
           -0.5908765097567992,
           -0.5425135272619833,
           -0.43984874236352434,
           -0.35790284883129614,
           1,
           0.825320401287792,
           -0.6596279273828016,
           -0.7222907528399782,
           0.5402122457373725,
           0.22204021203205856,
           0.9015309431590417,
           -0.6619268279481187,
           -0.6677150409553668,
           0.7739225082125851,
           0.6255475458664637
          ],
          [
           -0.9075785775821869,
           -0.8617681792448094,
           -0.7913357112931544,
           -0.7617833707366274,
           0.825320401287792,
           1,
           -0.9068460076111948,
           -0.9612584130242595,
           0.7085189503145926,
           0.19013293186907268,
           0.7127332607784794,
           -0.8712321132373333,
           -0.6117960211857836,
           0.8545051643191746,
           0.7905761982285125
          ],
          [
           0.8880111627408034,
           0.7626190088989627,
           0.8542199877847299,
           0.8120223435745721,
           -0.6596279273828016,
           -0.9068460076111948,
           1,
           0.942550211491967,
           -0.7849057139096826,
           -0.12680613935057727,
           -0.5071955787883179,
           0.8761102001225444,
           0.3119360511946594,
           -0.7087073771740565,
           -0.8074706594156312
          ],
          [
           0.9490096446708028,
           0.8990410245784599,
           0.8405609871147252,
           0.8522909190210771,
           -0.7222907528399782,
           -0.9612584130242595,
           0.942550211491967,
           1,
           -0.7056796806647724,
           -0.2490520089301972,
           -0.5845641357029205,
           0.9160441259558351,
           0.5429683469892964,
           -0.7511921680900338,
           -0.7963888043623418
          ],
          [
           -0.6031364762070018,
           -0.6558313584274251,
           -0.6946215032659298,
           -0.6319745509957204,
           0.5402122457373725,
           0.7085189503145926,
           -0.7849057139096826,
           -0.7056796806647724,
           1,
           0.0841910420209141,
           0.29033445321265217,
           -0.8143052608505659,
           -0.3412186110846044,
           0.7634447907480697,
           0.974557301269202
          ],
          [
           -0.01998067368719479,
           -0.19660717671522943,
           0.15361982117963568,
           0.07389120369236878,
           0.22204021203205856,
           0.19013293186907268,
           -0.12680613935057727,
           -0.2490520089301972,
           0.0841910420209141,
           1,
           0.17813749944594845,
           -0.1815911400823458,
           -0.3307569352856648,
           -0.07746838504530497,
           0.22938968514003982
          ],
          [
           -0.49359096627246873,
           -0.4458242014742343,
           -0.3570439874125504,
           -0.2714798460993554,
           0.9015309431590417,
           0.7127332607784794,
           -0.5071955787883179,
           -0.5845641357029205,
           0.29033445321265217,
           0.17813749944594845,
           1,
           -0.5601286498590042,
           -0.5410768551579056,
           0.6705306341254169,
           0.3839110490394429
          ],
          [
           0.8585782600345262,
           0.8977561170450936,
           0.8583644914261421,
           0.8654980792635015,
           -0.6619268279481187,
           -0.8712321132373333,
           0.8761102001225444,
           0.9160441259558351,
           -0.8143052608505659,
           -0.1815911400823458,
           -0.5601286498590042,
           1,
           0.4793293951152343,
           -0.7862266670787761,
           -0.8829156041561694
          ],
          [
           0.5061370327435835,
           0.6485088849446659,
           0.36185275156719493,
           0.3398602933202719,
           -0.6677150409553668,
           -0.6117960211857836,
           0.3119360511946594,
           0.5429683469892964,
           -0.3412186110846044,
           -0.3307569352856648,
           -0.5410768551579056,
           0.4793293951152343,
           1,
           -0.5854640821443307,
           -0.4942624639113421
          ],
          [
           -0.703372916533774,
           -0.7337387017329984,
           -0.6719564704746656,
           -0.6119730088619653,
           0.7739225082125851,
           0.8545051643191746,
           -0.7087073771740565,
           -0.7511921680900338,
           0.7634447907480697,
           -0.07746838504530497,
           0.6705306341254169,
           -0.7862266670787761,
           -0.5854640821443307,
           1,
           0.7941681784923762
          ],
          [
           -0.6793159984708388,
           -0.7695899959737511,
           -0.7112277751634144,
           -0.6818978716487324,
           0.6255475458664637,
           0.7905761982285125,
           -0.8074706594156312,
           -0.7963888043623418,
           0.974557301269202,
           0.22938968514003982,
           0.3839110490394429,
           -0.8829156041561694,
           -0.4942624639113421,
           0.7941681784923762,
           1
          ]
         ]
        }
       ],
       "layout": {
        "coloraxis": {
         "cmax": 1,
         "cmin": -1,
         "colorscale": [
          [
           0,
           "rgb(103,0,31)"
          ],
          [
           0.1,
           "rgb(178,24,43)"
          ],
          [
           0.2,
           "rgb(214,96,77)"
          ],
          [
           0.3,
           "rgb(244,165,130)"
          ],
          [
           0.4,
           "rgb(253,219,199)"
          ],
          [
           0.5,
           "rgb(247,247,247)"
          ],
          [
           0.6,
           "rgb(209,229,240)"
          ],
          [
           0.7,
           "rgb(146,197,222)"
          ],
          [
           0.8,
           "rgb(67,147,195)"
          ],
          [
           0.9,
           "rgb(33,102,172)"
          ],
          [
           1,
           "rgb(5,48,97)"
          ]
         ]
        },
        "height": 600,
        "margin": {
         "t": 60
        },
        "template": {
         "data": {
          "bar": [
           {
            "error_x": {
             "color": "#2a3f5f"
            },
            "error_y": {
             "color": "#2a3f5f"
            },
            "marker": {
             "line": {
              "color": "#E5ECF6",
              "width": 0.5
             },
             "pattern": {
              "fillmode": "overlay",
              "size": 10,
              "solidity": 0.2
             }
            },
            "type": "bar"
           }
          ],
          "barpolar": [
           {
            "marker": {
             "line": {
              "color": "#E5ECF6",
              "width": 0.5
             },
             "pattern": {
              "fillmode": "overlay",
              "size": 10,
              "solidity": 0.2
             }
            },
            "type": "barpolar"
           }
          ],
          "carpet": [
           {
            "aaxis": {
             "endlinecolor": "#2a3f5f",
             "gridcolor": "white",
             "linecolor": "white",
             "minorgridcolor": "white",
             "startlinecolor": "#2a3f5f"
            },
            "baxis": {
             "endlinecolor": "#2a3f5f",
             "gridcolor": "white",
             "linecolor": "white",
             "minorgridcolor": "white",
             "startlinecolor": "#2a3f5f"
            },
            "type": "carpet"
           }
          ],
          "choropleth": [
           {
            "colorbar": {
             "outlinewidth": 0,
             "ticks": ""
            },
            "type": "choropleth"
           }
          ],
          "contour": [
           {
            "colorbar": {
             "outlinewidth": 0,
             "ticks": ""
            },
            "colorscale": [
             [
              0,
              "#0d0887"
             ],
             [
              0.1111111111111111,
              "#46039f"
             ],
             [
              0.2222222222222222,
              "#7201a8"
             ],
             [
              0.3333333333333333,
              "#9c179e"
             ],
             [
              0.4444444444444444,
              "#bd3786"
             ],
             [
              0.5555555555555556,
              "#d8576b"
             ],
             [
              0.6666666666666666,
              "#ed7953"
             ],
             [
              0.7777777777777778,
              "#fb9f3a"
             ],
             [
              0.8888888888888888,
              "#fdca26"
             ],
             [
              1,
              "#f0f921"
             ]
            ],
            "type": "contour"
           }
          ],
          "contourcarpet": [
           {
            "colorbar": {
             "outlinewidth": 0,
             "ticks": ""
            },
            "type": "contourcarpet"
           }
          ],
          "heatmap": [
           {
            "colorbar": {
             "outlinewidth": 0,
             "ticks": ""
            },
            "colorscale": [
             [
              0,
              "#0d0887"
             ],
             [
              0.1111111111111111,
              "#46039f"
             ],
             [
              0.2222222222222222,
              "#7201a8"
             ],
             [
              0.3333333333333333,
              "#9c179e"
             ],
             [
              0.4444444444444444,
              "#bd3786"
             ],
             [
              0.5555555555555556,
              "#d8576b"
             ],
             [
              0.6666666666666666,
              "#ed7953"
             ],
             [
              0.7777777777777778,
              "#fb9f3a"
             ],
             [
              0.8888888888888888,
              "#fdca26"
             ],
             [
              1,
              "#f0f921"
             ]
            ],
            "type": "heatmap"
           }
          ],
          "heatmapgl": [
           {
            "colorbar": {
             "outlinewidth": 0,
             "ticks": ""
            },
            "colorscale": [
             [
              0,
              "#0d0887"
             ],
             [
              0.1111111111111111,
              "#46039f"
             ],
             [
              0.2222222222222222,
              "#7201a8"
             ],
             [
              0.3333333333333333,
              "#9c179e"
             ],
             [
              0.4444444444444444,
              "#bd3786"
             ],
             [
              0.5555555555555556,
              "#d8576b"
             ],
             [
              0.6666666666666666,
              "#ed7953"
             ],
             [
              0.7777777777777778,
              "#fb9f3a"
             ],
             [
              0.8888888888888888,
              "#fdca26"
             ],
             [
              1,
              "#f0f921"
             ]
            ],
            "type": "heatmapgl"
           }
          ],
          "histogram": [
           {
            "marker": {
             "pattern": {
              "fillmode": "overlay",
              "size": 10,
              "solidity": 0.2
             }
            },
            "type": "histogram"
           }
          ],
